cveproducto|ExistenciaMatriz|ExistenciaExpendio|VentaTotal|1|2|3|4|5|6|7|8|9|10|11|12|Producto|
1N34|0.00|27.00|8.00|4.00|4.00|0.00|0.00|0.00|0.00|0.00|0.00|0.00|0.00|0.00|0.00|
1N4001|388.00|147.00|187.00|116.00|67.00|4.00|0.00|0.00|0.00|0.00|0.00|0.00|0.00|0.00|0.00|
1N4002|532.00|91.00|19.00|13.00|6.00|0.00|0.00|0.00|0.00|0.00|0.00|0.00|0.00|0.00|0.00|
1N4003|2046.00|60.00|23.00|17.00|6.00|0.00|0.00|0.00|0.00|0.00|0.00|0.00|0.00|0.00|0.00|
1N4004|453.00|280.00|36.00|11.00|11.00|13.00|1.00|0.00|0.00|0.00|0.00|0.00|0.00|0.00|0.00|
1N4005|506.00|53.00|20.00|16.00|4.00|0.00|0.00|0.00|0.00|0.00|0.00|0.00|0.00|0.00|0.00|
1N4006|445.00|60.00|15.00|11.00|4.00|0.00|0.00|0.00|0.00|0.00|0.00|0.00|0.00|0.00|0.00|
1N4007|848.00|190.00|100.00|24.00|55.00|21.00|0.00|0.00|0.00|0.00|0.00|0.00|0.00|0.00|0.00|
1N4148|603.00|108.00|63.00|2.00|58.00|3.00|0.00|0.00|0.00|0.00|0.00|0.00|0.00|0.00|0.00|
1N4448|10.00|0.00|1.00|0.00|0.00|1.00|0.00|0.00|0.00|0.00|0.00|0.00|0.00|0.00|0.00|
1N914|299.00|66.00|2.00|0.00|0.00|2.00|0.00|0.00|0.00|0.00|0.00|0.00|0.00|0.00|0.00|
2N2222A|0.00|57.00|2.00|0.00|0.00|2.00|0.00|0.00|0.00|0.00|0.00|0.00|0.00|0.00|0.00|
2N2907A|7.00|5.00|1.00|0.00|1.00|0.00|0.00|0.00|0.00|0.00|0.00|0.00|0.00|0.00|0.00|
2N3055|27.00|5.00|1.00|0.00|0.00|1.00|0.00|0.00|0.00|0.00|0.00|0.00|0.00|0.00|0.00|
2N3904|1038.00|81.00|17.00|2.00|12.00|3.00|0.00|0.00|0.00|0.00|0.00|0.00|0.00|0.00|0.00|
2N3906|1039.00|31.00|5.00|1.00|4.00|0.00|0.00|0.00|0.00|0.00|0.00|0.00|0.00|0.00|0.00|
2N6073|68.00|13.00|1.00|0.00|1.00|0.00|0.00|0.00|0.00|0.00|0.00|0.00|0.00|0.00|0.00|
4001|2.00|23.00|2.00|0.00|2.00|0.00|0.00|0.00|0.00|0.00|0.00|0.00|0.00|0.00|0.00|
4011|111.00|11.00|1.00|0.00|0.00|1.00|0.00|0.00|0.00|0.00|0.00|0.00|0.00|0.00|0.00|
4013|83.00|3.00|1.00|0.00|0.00|1.00|0.00|0.00|0.00|0.00|0.00|0.00|0.00|0.00|0.00|
4017|399.00|36.00|8.00|6.00|0.00|1.00|0.00|1.00|0.00|0.00|0.00|0.00|0.00|0.00|0.00|
4026|10.00|5.00|2.00|0.00|1.00|1.00|0.00|0.00|0.00|0.00|0.00|0.00|0.00|0.00|0.00|
4049|25.00|7.00|4.00|0.00|0.00|2.00|2.00|0.00|0.00|0.00|0.00|0.00|0.00|0.00|0.00|
4093|86.00|9.00|6.00|0.00|0.00|2.00|4.00|0.00|0.00|0.00|0.00|0.00|0.00|0.00|0.00|
6116|64.00|24.00|1.00|0.00|0.00|1.00|0.00|0.00|0.00|0.00|0.00|0.00|0.00|0.00|0.00|
74HC04|59.00|11.00|2.00|1.00|1.00|0.00|0.00|0.00|0.00|0.00|0.00|0.00|0.00|0.00|0.00|
74HC08|49.00|20.00|2.00|1.00|1.00|0.00|0.00|0.00|0.00|0.00|0.00|0.00|0.00|0.00|0.00|
74HC21|0.00|9.00|2.00|0.00|2.00|0.00|0.00|0.00|0.00|0.00|0.00|0.00|0.00|0.00|0.00|
74HC266|1.00|20.00|1.00|0.00|1.00|0.00|0.00|0.00|0.00|0.00|0.00|0.00|0.00|0.00|0.00|
74HC595|155.00|21.00|4.00|0.00|0.00|4.00|0.00|0.00|0.00|0.00|0.00|0.00|0.00|0.00|0.00|
74HCT112|0.00|7.00|6.00|0.00|1.00|5.00|0.00|0.00|0.00|0.00|0.00|0.00|0.00|0.00|0.00|
74LS00|294.00|168.00|80.00|2.00|68.00|10.00|0.00|0.00|0.00|0.00|0.00|0.00|0.00|0.00|0.00|
74LS02|350.00|151.00|74.00|4.00|52.00|16.00|2.00|0.00|0.00|0.00|0.00|0.00|0.00|0.00|0.00|
74LS04|2026.00|72.00|203.00|36.00|108.00|59.00|0.00|0.00|0.00|0.00|0.00|0.00|0.00|0.00|0.00|
74LS08|1749.00|130.00|171.00|42.00|101.00|26.00|2.00|0.00|0.00|0.00|0.00|0.00|0.00|0.00|0.00|
74LS10|185.00|32.00|15.00|0.00|12.00|3.00|0.00|0.00|0.00|0.00|0.00|0.00|0.00|0.00|0.00|
74LS109|0.00|8.00|1.00|0.00|0.00|1.00|0.00|0.00|0.00|0.00|0.00|0.00|0.00|0.00|0.00|
74LS11|19.00|142.00|77.00|0.00|25.00|52.00|0.00|0.00|0.00|0.00|0.00|0.00|0.00|0.00|0.00|
74LS112|251.00|41.00|9.00|0.00|3.00|6.00|0.00|0.00|0.00|0.00|0.00|0.00|0.00|0.00|0.00|
74LS132|12.00|11.00|3.00|0.00|3.00|0.00|0.00|0.00|0.00|0.00|0.00|0.00|0.00|0.00|0.00|
74LS139|46.00|23.00|10.00|0.00|8.00|2.00|0.00|0.00|0.00|0.00|0.00|0.00|0.00|0.00|0.00|
74LS14|25.00|20.00|1.00|0.00|1.00|0.00|0.00|0.00|0.00|0.00|0.00|0.00|0.00|0.00|0.00|
74LS148|12.00|74.00|1.00|0.00|0.00|0.00|1.00|0.00|0.00|0.00|0.00|0.00|0.00|0.00|0.00|
74LS164|24.00|23.00|1.00|0.00|0.00|1.00|0.00|0.00|0.00|0.00|0.00|0.00|0.00|0.00|0.00|
74LS193|255.00|30.00|10.00|0.00|8.00|2.00|0.00|0.00|0.00|0.00|0.00|0.00|0.00|0.00|0.00|
74LS20|303.00|16.00|4.00|0.00|1.00|3.00|0.00|0.00|0.00|0.00|0.00|0.00|0.00|0.00|0.00|
74LS21|105.00|19.00|12.00|6.00|6.00|0.00|0.00|0.00|0.00|0.00|0.00|0.00|0.00|0.00|0.00|
74LS244|40.00|14.00|2.00|0.00|0.00|0.00|2.00|0.00|0.00|0.00|0.00|0.00|0.00|0.00|0.00|
74LS266|44.00|35.00|11.00|4.00|6.00|1.00|0.00|0.00|0.00|0.00|0.00|0.00|0.00|0.00|0.00|
74LS32|1320.00|76.00|195.00|37.00|98.00|60.00|0.00|0.00|0.00|0.00|0.00|0.00|0.00|0.00|0.00|
74LS47|517.00|40.00|33.00|0.00|8.00|21.00|4.00|0.00|0.00|0.00|0.00|0.00|0.00|0.00|0.00|
74LS48|134.00|85.00|7.00|2.00|0.00|1.00|4.00|0.00|0.00|0.00|0.00|0.00|0.00|0.00|0.00|
74LS73|220.00|20.00|69.00|0.00|2.00|62.00|5.00|0.00|0.00|0.00|0.00|0.00|0.00|0.00|0.00|
74LS74|42.00|26.00|54.00|2.00|47.00|4.00|1.00|0.00|0.00|0.00|0.00|0.00|0.00|0.00|0.00|
74LS75|0.00|2.00|5.00|2.00|3.00|0.00|0.00|0.00|0.00|0.00|0.00|0.00|0.00|0.00|0.00|
74LS76|328.00|16.00|18.00|2.00|8.00|8.00|0.00|0.00|0.00|0.00|0.00|0.00|0.00|0.00|0.00|
74LS83|58.00|33.00|12.00|9.00|3.00|0.00|0.00|0.00|0.00|0.00|0.00|0.00|0.00|0.00|0.00|
74LS86|281.00|99.00|73.00|16.00|37.00|18.00|2.00|0.00|0.00|0.00|0.00|0.00|0.00|0.00|0.00|
74LS90|258.00|62.00|30.00|2.00|8.00|20.00|0.00|0.00|0.00|0.00|0.00|0.00|0.00|0.00|0.00|
A733|22.00|13.00|1.00|0.00|0.00|1.00|0.00|0.00|0.00|0.00|0.00|0.00|0.00|0.00|0.00|
ADAP2JACKRCA-PLUG6.3E|3.00|0.00|3.00|0.00|3.00|0.00|0.00|0.00|0.00|0.00|0.00|0.00|0.00|0.00|0.00|
ALAMBRE2|356.00|271.00|779.00|176.00|381.00|198.00|24.00|0.00|0.00|0.00|0.00|0.00|0.00|0.00|0.00|
AMPERIMETRO-30ACD|0.00|1.00|1.00|0.00|0.00|1.00|0.00|0.00|0.00|0.00|0.00|0.00|0.00|0.00|0.00|
APAGADOR|109.00|3.00|1.00|0.00|1.00|0.00|0.00|0.00|0.00|0.00|0.00|0.00|0.00|0.00|0.00|
ARDUINO-NANO|36.00|5.00|2.00|0.00|0.00|2.00|0.00|0.00|0.00|0.00|0.00|0.00|0.00|0.00|0.00|
ARDUINO-UNO|116.00|6.00|10.00|4.00|6.00|0.00|0.00|0.00|0.00|0.00|0.00|0.00|0.00|0.00|0.00|
BANANAESCALABLE-N|0.00|49.00|4.00|4.00|0.00|0.00|0.00|0.00|0.00|0.00|0.00|0.00|0.00|0.00|0.00|
BANANATN|772.00|114.00|26.00|10.00|15.00|1.00|0.00|0.00|0.00|0.00|0.00|0.00|0.00|0.00|0.00|
BANANATR|1133.00|141.00|28.00|12.00|15.00|1.00|0.00|0.00|0.00|0.00|0.00|0.00|0.00|0.00|0.00|
BANANEGRO|(null)|22.00|28.00|18.00|5.00|5.00|0.00|0.00|0.00|0.00|0.00|0.00|0.00|0.00|0.00|
BANAROJO|(null)|10.00|40.00|18.00|8.00|11.00|3.00|0.00|0.00|0.00|0.00|0.00|0.00|0.00|0.00|
BARRALEDS-R10|145.00|23.00|3.00|0.00|3.00|0.00|0.00|0.00|0.00|0.00|0.00|0.00|0.00|0.00|0.00|
BARRALEDS-V10|50.00|24.00|1.00|0.00|1.00|0.00|0.00|0.00|0.00|0.00|0.00|0.00|0.00|0.00|0.00|
BAS14P|812.00|146.00|40.00|0.00|11.00|27.00|2.00|0.00|0.00|0.00|0.00|0.00|0.00|0.00|0.00|
BAS40P|17.00|0.00|6.00|0.00|0.00|1.00|5.00|0.00|0.00|0.00|0.00|0.00|0.00|0.00|0.00|
BAS6P|1.00|37.00|2.00|0.00|0.00|2.00|0.00|0.00|0.00|0.00|0.00|0.00|0.00|0.00|0.00|
BAS8P|995.00|20.00|11.00|0.00|3.00|8.00|0.00|0.00|0.00|0.00|0.00|0.00|0.00|0.00|0.00|
BASECAUTIN|23.00|2.00|3.00|1.00|2.00|0.00|0.00|0.00|0.00|0.00|0.00|0.00|0.00|0.00|0.00|
BASEZIF40|99.00|3.00|5.00|0.00|5.00|0.00|0.00|0.00|0.00|0.00|0.00|0.00|0.00|0.00|0.00|
BC237A|5.00|6.00|1.00|0.00|0.00|1.00|0.00|0.00|0.00|0.00|0.00|0.00|0.00|0.00|0.00|
BC327A|1579.00|17.00|1.00|0.00|1.00|0.00|0.00|0.00|0.00|0.00|0.00|0.00|0.00|0.00|0.00|
BC547A|4146.00|77.00|16.00|2.00|11.00|3.00|0.00|0.00|0.00|0.00|0.00|0.00|0.00|0.00|0.00|
BC547B|4120.00|92.00|65.00|16.00|23.00|26.00|0.00|0.00|0.00|0.00|0.00|0.00|0.00|0.00|0.00|
BC548A|0.00|7.00|1.00|1.00|0.00|0.00|0.00|0.00|0.00|0.00|0.00|0.00|0.00|0.00|0.00|
BC548B|905.00|124.00|37.00|6.00|10.00|17.00|4.00|0.00|0.00|0.00|0.00|0.00|0.00|0.00|0.00|
BC557A|3056.00|48.00|6.00|0.00|5.00|1.00|0.00|0.00|0.00|0.00|0.00|0.00|0.00|0.00|0.00|
BC557B|3490.00|83.00|24.00|0.00|5.00|19.00|0.00|0.00|0.00|0.00|0.00|0.00|0.00|0.00|0.00|
BC558B|251.00|108.00|1.00|1.00|0.00|0.00|0.00|0.00|0.00|0.00|0.00|0.00|0.00|0.00|0.00|
BD135|143.00|21.00|1.00|0.00|0.00|1.00|0.00|0.00|0.00|0.00|0.00|0.00|0.00|0.00|0.00|
BD136|102.00|23.00|1.00|0.00|0.00|1.00|0.00|0.00|0.00|0.00|0.00|0.00|0.00|0.00|0.00|
BD137|26.00|13.00|1.00|0.00|0.00|1.00|0.00|0.00|0.00|0.00|0.00|0.00|0.00|0.00|0.00|
BD139|8.00|3.00|1.00|0.00|0.00|1.00|0.00|0.00|0.00|0.00|0.00|0.00|0.00|0.00|0.00|
BLOCK-A3|0.00|0.00|2.00|2.00|0.00|0.00|0.00|0.00|0.00|0.00|0.00|0.00|0.00|0.00|0.00|
BLUETOOTH-HC05|118.00|6.00|1.00|0.00|1.00|0.00|0.00|0.00|0.00|0.00|0.00|0.00|0.00|0.00|0.00|
BLUETOOTH-HC06|12.00|1.00|1.00|0.00|0.00|0.00|1.00|0.00|0.00|0.00|0.00|0.00|0.00|0.00|0.00|
BOCINA1.5W|0.00|3.00|4.00|2.00|1.00|0.00|1.00|0.00|0.00|0.00|0.00|0.00|0.00|0.00|0.00|
BOCINA1W|8.00|6.00|10.00|0.00|10.00|0.00|0.00|0.00|0.00|0.00|0.00|0.00|0.00|0.00|0.00|
BOCINA3W|7.00|5.00|6.00|0.00|6.00|0.00|0.00|0.00|0.00|0.00|0.00|0.00|0.00|0.00|0.00|
BORNECHI-NEGRO|353.00|75.00|34.00|2.00|27.00|3.00|2.00|0.00|0.00|0.00|0.00|0.00|0.00|0.00|0.00|
BORNECHI-ROJO|269.00|79.00|31.00|2.00|26.00|3.00|0.00|0.00|0.00|0.00|0.00|0.00|0.00|0.00|0.00|
BORNEMED-NEGRO|243.00|22.00|16.00|7.00|7.00|2.00|0.00|0.00|0.00|0.00|0.00|0.00|0.00|0.00|0.00|
BORNEMED-ROJO|301.00|81.00|18.00|9.00|7.00|2.00|0.00|0.00|0.00|0.00|0.00|0.00|0.00|0.00|0.00|
BROCA1/16|110.00|6.00|4.00|0.00|2.00|2.00|0.00|0.00|0.00|0.00|0.00|0.00|0.00|0.00|0.00|
BROCA1/32|33.00|31.00|25.00|1.00|12.00|11.00|1.00|0.00|0.00|0.00|0.00|0.00|0.00|0.00|0.00|
BROCA3/64|66.00|29.00|12.00|0.00|7.00|5.00|0.00|0.00|0.00|0.00|0.00|0.00|0.00|0.00|0.00|
BROCHEPILA|669.00|44.00|41.00|15.00|16.00|6.00|3.00|1.00|0.00|0.00|0.00|0.00|0.00|0.00|0.00|
BT136|64.00|14.00|4.00|0.00|2.00|2.00|0.00|0.00|0.00|0.00|0.00|0.00|0.00|0.00|0.00|
BT137|15.00|52.00|1.00|0.00|1.00|0.00|0.00|0.00|0.00|0.00|0.00|0.00|0.00|0.00|0.00|
BTA16|0.00|12.00|3.00|0.00|2.00|0.00|1.00|0.00|0.00|0.00|0.00|0.00|0.00|0.00|0.00|
C106D|482.00|21.00|3.00|3.00|0.00|0.00|0.00|0.00|0.00|0.00|0.00|0.00|0.00|0.00|0.00|
CABLE22N|311.50|17.00|8.00|1.00|3.00|3.00|1.00|0.00|0.00|0.00|0.00|0.00|0.00|0.00|0.00|
CABLE22R|358.00|2.00|18.00|0.00|15.00|3.00|0.00|0.00|0.00|0.00|0.00|0.00|0.00|0.00|0.00|
CABLEAUXILIAR|23.00|4.00|3.00|0.00|3.00|0.00|0.00|0.00|0.00|0.00|0.00|0.00|0.00|0.00|0.00|
CABLEAWG14ROJO|165.50|96.00|4.00|0.00|4.00|0.00|0.00|0.00|0.00|0.00|0.00|0.00|0.00|0.00|0.00|
CABLEAWG18NEGRO|92.50|99.00|1.00|0.00|0.00|1.00|0.00|0.00|0.00|0.00|0.00|0.00|0.00|0.00|0.00|
CABLEAWG18ROJO|98.00|99.00|1.00|0.00|0.00|1.00|0.00|0.00|0.00|0.00|0.00|0.00|0.00|0.00|0.00|
CABLEDUPLEX16|0.00|53.00|17.00|0.00|15.00|0.00|2.00|0.00|0.00|0.00|0.00|0.00|0.00|0.00|0.00|
CABLEDUPLEX18|28.00|16.00|4.00|0.00|1.00|3.00|0.00|0.00|0.00|0.00|0.00|0.00|0.00|0.00|0.00|
CABLEPOT14|(null)|48.50|1.50|0.00|1.50|0.00|0.00|0.00|0.00|0.00|0.00|0.00|0.00|0.00|0.00|
CABLEPOT18|187.50|42.00|8.00|0.00|8.00|0.00|0.00|0.00|0.00|0.00|0.00|0.00|0.00|0.00|0.00|
CABLEUTP|1165.00|34.00|162.00|22.00|132.00|8.00|0.00|0.00|0.00|0.00|0.00|0.00|0.00|0.00|0.00|
CAIMANEGRO|77.00|34.00|14.00|2.00|1.00|6.00|5.00|0.00|0.00|0.00|0.00|0.00|0.00|0.00|0.00|
CAIMAROJO|25.00|32.00|7.00|2.00|1.00|4.00|0.00|0.00|0.00|0.00|0.00|0.00|0.00|0.00|0.00|
CAJATRUPER14|8.00|6.00|1.00|0.00|1.00|0.00|0.00|0.00|0.00|0.00|0.00|0.00|0.00|0.00|0.00|
CAUTIN-40W|32.00|2.00|8.00|1.00|6.00|1.00|0.00|0.00|0.00|0.00|0.00|0.00|0.00|0.00|0.00|
CAUTIN-AM|8.00|5.00|3.00|0.00|3.00|0.00|0.00|0.00|0.00|0.00|0.00|0.00|0.00|0.00|0.00|
CAUTIN-AZ|31.00|0.00|1.00|0.00|1.00|0.00|0.00|0.00|0.00|0.00|0.00|0.00|0.00|0.00|0.00|
CC0.001µf|132.00|26.00|19.00|0.00|8.00|6.00|5.00|0.00|0.00|0.00|0.00|0.00|0.00|0.00|0.00|
CC0.01µf|5041.00|107.00|114.00|37.00|61.00|10.00|6.00|0.00|0.00|0.00|0.00|0.00|0.00|0.00|0.00|
CC0.047µf|418.00|197.00|6.00|0.00|2.00|4.00|0.00|0.00|0.00|0.00|0.00|0.00|0.00|0.00|0.00|
CC0.1µf|6954.00|45.00|145.00|27.00|110.00|6.00|2.00|0.00|0.00|0.00|0.00|0.00|0.00|0.00|0.00|
CC0.22µf|293.00|60.00|1.00|0.00|0.00|1.00|0.00|0.00|0.00|0.00|0.00|0.00|0.00|0.00|0.00|
CC100pf|37.00|45.00|1.00|0.00|1.00|0.00|0.00|0.00|0.00|0.00|0.00|0.00|0.00|0.00|0.00|
CC10pf|219.00|33.00|4.00|0.00|3.00|1.00|0.00|0.00|0.00|0.00|0.00|0.00|0.00|0.00|0.00|
CC15pf|623.00|0.00|3.00|0.00|3.00|0.00|0.00|0.00|0.00|0.00|0.00|0.00|0.00|0.00|0.00|
CC22pf|1521.00|31.00|1.00|0.00|1.00|0.00|0.00|0.00|0.00|0.00|0.00|0.00|0.00|0.00|0.00|
CC33pf|283.00|29.00|2.00|0.00|0.00|2.00|0.00|0.00|0.00|0.00|0.00|0.00|0.00|0.00|0.00|
CE0.47µf/50V|110.00|39.00|16.00|0.00|16.00|0.00|0.00|0.00|0.00|0.00|0.00|0.00|0.00|0.00|0.00|
CE1000µf/25V|116.00|43.00|7.00|1.00|4.00|2.00|0.00|0.00|0.00|0.00|0.00|0.00|0.00|0.00|0.00|
CE1000µf/50V|262.00|18.00|68.00|2.00|65.00|0.00|0.00|1.00|0.00|0.00|0.00|0.00|0.00|0.00|0.00|
CE100µf/16V|55.00|14.00|2.00|2.00|0.00|0.00|0.00|0.00|0.00|0.00|0.00|0.00|0.00|0.00|0.00|
CE100µf/25V|109.00|11.00|9.00|1.00|8.00|0.00|0.00|0.00|0.00|0.00|0.00|0.00|0.00|0.00|0.00|
CE100µf/50V|222.00|18.00|176.00|29.00|131.00|4.00|12.00|0.00|0.00|0.00|0.00|0.00|0.00|0.00|0.00|
CE10µf/50V|197.00|1.00|58.00|13.00|40.00|2.00|3.00|0.00|0.00|0.00|0.00|0.00|0.00|0.00|0.00|
CE15µf/50V|8.00|1.00|10.00|0.00|8.00|2.00|0.00|0.00|0.00|0.00|0.00|0.00|0.00|0.00|0.00|
CE1µf/50V|1895.00|85.00|51.00|0.00|49.00|2.00|0.00|0.00|0.00|0.00|0.00|0.00|0.00|0.00|0.00|
CE2.2µf/50V|179.00|64.00|11.00|0.00|11.00|0.00|0.00|0.00|0.00|0.00|0.00|0.00|0.00|0.00|0.00|
CE2200µf/16V|0.00|25.00|2.00|2.00|0.00|0.00|0.00|0.00|0.00|0.00|0.00|0.00|0.00|0.00|0.00|
CE2200µf/25V|200.00|34.00|11.00|1.00|8.00|2.00|0.00|0.00|0.00|0.00|0.00|0.00|0.00|0.00|0.00|
CE2200µf/50V|90.00|10.00|37.00|10.00|27.00|0.00|0.00|0.00|0.00|0.00|0.00|0.00|0.00|0.00|0.00|
CE220µf/16V|6.00|22.00|8.00|2.00|6.00|0.00|0.00|0.00|0.00|0.00|0.00|0.00|0.00|0.00|0.00|
CE220µf/50V|236.00|26.00|57.00|13.00|44.00|0.00|0.00|0.00|0.00|0.00|0.00|0.00|0.00|0.00|0.00|
CE22µf/50V|662.00|13.00|27.00|0.00|27.00|0.00|0.00|0.00|0.00|0.00|0.00|0.00|0.00|0.00|0.00|
CE3300µf/63V|9.00|2.00|1.00|0.00|1.00|0.00|0.00|0.00|0.00|0.00|0.00|0.00|0.00|0.00|0.00|
CE330µf/50V|103.00|3.00|3.00|1.00|2.00|0.00|0.00|0.00|0.00|0.00|0.00|0.00|0.00|0.00|0.00|
CE33µf/63V|0.00|40.00|1.00|0.00|0.00|1.00|0.00|0.00|0.00|0.00|0.00|0.00|0.00|0.00|0.00|
CE4.7µf/50V|200.00|70.00|10.00|0.00|6.00|4.00|0.00|0.00|0.00|0.00|0.00|0.00|0.00|0.00|0.00|
CE4700µf/25V|64.00|25.00|5.00|0.00|5.00|0.00|0.00|0.00|0.00|0.00|0.00|0.00|0.00|0.00|0.00|
CE4700µf/50V|29.00|16.00|2.00|0.00|1.00|0.00|1.00|0.00|0.00|0.00|0.00|0.00|0.00|0.00|0.00|
CE470µf/250V|8.00|4.00|4.00|0.00|4.00|0.00|0.00|0.00|0.00|0.00|0.00|0.00|0.00|0.00|0.00|
CE470µf/25V|80.00|20.00|2.00|2.00|0.00|0.00|0.00|0.00|0.00|0.00|0.00|0.00|0.00|0.00|0.00|
CE470µf/50V|198.00|19.00|33.00|0.00|33.00|0.00|0.00|0.00|0.00|0.00|0.00|0.00|0.00|0.00|0.00|
CE47µf/50V|32.00|47.00|10.00|0.00|10.00|0.00|0.00|0.00|0.00|0.00|0.00|0.00|0.00|0.00|0.00|
CE6.8µf/50V|26.00|6.00|4.00|0.00|4.00|0.00|0.00|0.00|0.00|0.00|0.00|0.00|0.00|0.00|0.00|
CE68µf/25V|3.00|5.00|1.00|0.00|1.00|0.00|0.00|0.00|0.00|0.00|0.00|0.00|0.00|0.00|0.00|
CELDA5V100MA|26.00|1.00|4.00|2.00|2.00|0.00|0.00|0.00|0.00|0.00|0.00|0.00|0.00|0.00|0.00|
CINTADEAISLAR|(null)|1.00|1.00|0.00|0.00|1.00|0.00|0.00|0.00|0.00|0.00|0.00|0.00|0.00|0.00|
CINTADEAISLAR-N|51.00|3.00|2.00|0.00|2.00|0.00|0.00|0.00|0.00|0.00|0.00|0.00|0.00|0.00|0.00|
CLAVIJA|5.00|9.00|8.00|0.00|8.00|0.00|0.00|0.00|0.00|0.00|0.00|0.00|0.00|0.00|0.00|
CLAVIJABLA|340.00|45.00|9.00|0.00|6.00|3.00|0.00|0.00|0.00|0.00|0.00|0.00|0.00|0.00|0.00|
CLAVIJAUSORUDO|2.00|5.00|1.00|0.00|1.00|0.00|0.00|0.00|0.00|0.00|0.00|0.00|0.00|0.00|0.00|
CLORURO250|29.00|10.00|42.00|2.00|24.00|15.00|0.00|1.00|0.00|0.00|0.00|0.00|0.00|0.00|0.00|
CNY70|8.00|43.00|6.00|0.00|3.00|3.00|0.00|0.00|0.00|0.00|0.00|0.00|0.00|0.00|0.00|
COJIN-LIM|0.00|2.00|1.00|0.00|1.00|0.00|0.00|0.00|0.00|0.00|0.00|0.00|0.00|0.00|0.00|
CON2TORNILLOS|1974.00|33.00|69.00|5.00|24.00|32.00|8.00|0.00|0.00|0.00|0.00|0.00|0.00|0.00|0.00|
CON3TORNILLOS|496.00|21.00|15.00|2.00|8.00|5.00|0.00|0.00|0.00|0.00|0.00|0.00|0.00|0.00|0.00|
CONBNC/RG58|(null)|13.00|2.00|2.00|0.00|0.00|0.00|0.00|0.00|0.00|0.00|0.00|0.00|0.00|0.00|
CONMINIUSBHEM|58.00|1.00|3.00|3.00|0.00|0.00|0.00|0.00|0.00|0.00|0.00|0.00|0.00|0.00|0.00|
CONRJ-45|2030.00|443.00|143.00|1.00|141.00|0.00|1.00|0.00|0.00|0.00|0.00|0.00|0.00|0.00|0.00|
COPLE-RJ45|7.00|10.00|24.00|0.00|22.00|2.00|0.00|0.00|0.00|0.00|0.00|0.00|0.00|0.00|0.00|
CP0.015µf|(null)|3.00|2.00|0.00|0.00|2.00|0.00|0.00|0.00|0.00|0.00|0.00|0.00|0.00|0.00|
CP0.033µf/100V|53.00|10.00|1.00|0.00|1.00|0.00|0.00|0.00|0.00|0.00|0.00|0.00|0.00|0.00|0.00|
CP0.47µf/250V|0.00|14.00|1.00|0.00|0.00|0.00|1.00|0.00|0.00|0.00|0.00|0.00|0.00|0.00|0.00|
CRIS20MHZ|123.00|4.00|1.00|0.00|0.00|0.00|1.00|0.00|0.00|0.00|0.00|0.00|0.00|0.00|0.00|
CRIS4MHZ|100.00|11.00|2.00|0.00|0.00|2.00|0.00|0.00|0.00|0.00|0.00|0.00|0.00|0.00|0.00|
CT0.1µf|16.00|13.00|5.00|0.00|4.00|0.00|1.00|0.00|0.00|0.00|0.00|0.00|0.00|0.00|0.00|
CUBIERTARJ-45|241.00|47.00|40.00|0.00|40.00|0.00|0.00|0.00|0.00|0.00|0.00|0.00|0.00|0.00|0.00|
DHT22|26.00|2.00|1.00|0.00|0.00|0.00|1.00|0.00|0.00|0.00|0.00|0.00|0.00|0.00|0.00|
DIP10INTCI|34.00|22.00|6.00|1.00|5.00|0.00|0.00|0.00|0.00|0.00|0.00|0.00|0.00|0.00|0.00|
DIP2INTCI|555.00|86.00|16.00|0.00|9.00|7.00|0.00|0.00|0.00|0.00|0.00|0.00|0.00|0.00|0.00|
DIP4INT|0.00|20.00|1.00|0.00|1.00|0.00|0.00|0.00|0.00|0.00|0.00|0.00|0.00|0.00|0.00|
DIP4INTCI|1332.00|33.00|84.00|26.00|41.00|15.00|2.00|0.00|0.00|0.00|0.00|0.00|0.00|0.00|0.00|
DIP6INTCI|510.00|25.00|9.00|6.00|3.00|0.00|0.00|0.00|0.00|0.00|0.00|0.00|0.00|0.00|0.00|
DIP8INTCI|2668.00|77.00|53.00|24.00|23.00|6.00|0.00|0.00|0.00|0.00|0.00|0.00|0.00|0.00|0.00|
DISAC2|0.00|4.00|4.00|0.00|4.00|0.00|0.00|0.00|0.00|0.00|0.00|0.00|0.00|0.00|0.00|
DISACS|1065.00|158.00|28.00|3.00|11.00|11.00|3.00|0.00|0.00|0.00|0.00|0.00|0.00|0.00|0.00|
DISCC16SEG|160.00|4.00|3.00|0.00|2.00|1.00|0.00|0.00|0.00|0.00|0.00|0.00|0.00|0.00|0.00|
DISCC2|5.00|2.00|2.00|0.00|2.00|0.00|0.00|0.00|0.00|0.00|0.00|0.00|0.00|0.00|0.00|
DISCC3|2.00|11.00|6.00|0.00|6.00|0.00|0.00|0.00|0.00|0.00|0.00|0.00|0.00|0.00|0.00|
DISCC4|8.00|18.00|8.00|1.00|7.00|0.00|0.00|0.00|0.00|0.00|0.00|0.00|0.00|0.00|0.00|
DISCCS|828.00|32.00|17.00|3.00|10.00|4.00|0.00|0.00|0.00|0.00|0.00|0.00|0.00|0.00|0.00|
DISIPADOR-LEDPOT|792.00|15.00|1.00|0.00|1.00|0.00|0.00|0.00|0.00|0.00|0.00|0.00|0.00|0.00|0.00|
DISIPADOR-TO220|258.00|13.00|20.00|0.00|19.00|1.00|0.00|0.00|0.00|0.00|0.00|0.00|0.00|0.00|0.00|
DZ10V|986.00|24.00|6.00|0.00|6.00|0.00|0.00|0.00|0.00|0.00|0.00|0.00|0.00|0.00|0.00|
DZ12V1W|24.00|24.00|2.00|0.00|2.00|0.00|0.00|0.00|0.00|0.00|0.00|0.00|0.00|0.00|0.00|
DZ2.4V|0.00|3.00|3.00|0.00|2.00|1.00|0.00|0.00|0.00|0.00|0.00|0.00|0.00|0.00|0.00|
DZ22V|3.00|16.00|12.00|0.00|6.00|6.00|0.00|0.00|0.00|0.00|0.00|0.00|0.00|0.00|0.00|
DZ3.3V|76.00|52.00|4.00|0.00|4.00|0.00|0.00|0.00|0.00|0.00|0.00|0.00|0.00|0.00|0.00|
DZ3.3V1W|40.00|47.00|2.00|0.00|2.00|0.00|0.00|0.00|0.00|0.00|0.00|0.00|0.00|0.00|0.00|
DZ3.9V|93.00|11.00|1.00|0.00|0.00|1.00|0.00|0.00|0.00|0.00|0.00|0.00|0.00|0.00|0.00|
DZ5.1V|52.00|27.00|33.00|0.00|10.00|23.00|0.00|0.00|0.00|0.00|0.00|0.00|0.00|0.00|0.00|
DZ5.1V1W|51.00|22.00|23.00|0.00|12.00|11.00|0.00|0.00|0.00|0.00|0.00|0.00|0.00|0.00|0.00|
DZ6.2V|1.00|4.00|1.00|0.00|0.00|1.00|0.00|0.00|0.00|0.00|0.00|0.00|0.00|0.00|0.00|
DZ9.1V1W|11.00|20.00|5.00|0.00|5.00|0.00|0.00|0.00|0.00|0.00|0.00|0.00|0.00|0.00|0.00|
ELIMINADOR5V2A|108.00|7.00|7.00|3.00|3.00|1.00|0.00|0.00|0.00|0.00|0.00|0.00|0.00|0.00|0.00|
ENGRANEGDE|0.00|27.00|2.00|0.00|0.00|2.00|0.00|0.00|0.00|0.00|0.00|0.00|0.00|0.00|0.00|
ENGRANEMED|0.00|18.00|5.00|0.00|5.00|0.00|0.00|0.00|0.00|0.00|0.00|0.00|0.00|0.00|0.00|
ESPONJA|9.00|9.00|1.00|0.00|1.00|0.00|0.00|0.00|0.00|0.00|0.00|0.00|0.00|0.00|0.00|
EXSOLDADURACHI|4.00|1.00|1.00|0.00|0.00|1.00|0.00|0.00|0.00|0.00|0.00|0.00|0.00|0.00|0.00|
EXTENSION2M|3.00|0.00|1.00|0.00|0.00|0.00|1.00|0.00|0.00|0.00|0.00|0.00|0.00|0.00|0.00|
EXTENSION3M|2.00|0.00|1.00|0.00|0.00|0.00|1.00|0.00|0.00|0.00|0.00|0.00|0.00|0.00|0.00|
FA.500Amp|20.00|18.00|1.00|0.00|0.00|1.00|0.00|0.00|0.00|0.00|0.00|0.00|0.00|0.00|0.00|
FA1Amp|154.00|23.00|1.00|0.00|1.00|0.00|0.00|0.00|0.00|0.00|0.00|0.00|0.00|0.00|0.00|
FE.500Amp|82.00|13.00|1.00|0.00|1.00|0.00|0.00|0.00|0.00|0.00|0.00|0.00|0.00|0.00|0.00|
FE1.5Amp|0.00|4.00|1.00|0.00|1.00|0.00|0.00|0.00|0.00|0.00|0.00|0.00|0.00|0.00|0.00|
FE10Amp|156.00|13.00|4.00|0.00|3.00|1.00|0.00|0.00|0.00|0.00|0.00|0.00|0.00|0.00|0.00|
FE1Amp|381.00|32.00|1.00|0.00|1.00|0.00|0.00|0.00|0.00|0.00|0.00|0.00|0.00|0.00|0.00|
FE2Amp|121.00|4.00|7.00|0.00|6.00|1.00|0.00|0.00|0.00|0.00|0.00|0.00|0.00|0.00|0.00|
FLUX-50|1.00|2.00|3.00|0.00|1.00|2.00|0.00|0.00|0.00|0.00|0.00|0.00|0.00|0.00|0.00|
FOCO12V|123.00|28.00|2.00|0.00|1.00|0.00|1.00|0.00|0.00|0.00|0.00|0.00|0.00|0.00|0.00|
FOCO40W|3.00|84.00|1.00|0.00|1.00|0.00|0.00|0.00|0.00|0.00|0.00|0.00|0.00|0.00|0.00|
FOCO6.3V|96.00|56.00|2.00|0.00|2.00|0.00|0.00|0.00|0.00|0.00|0.00|0.00|0.00|0.00|0.00|
FOCO7.5W|198.00|35.00|3.00|0.00|0.00|3.00|0.00|0.00|0.00|0.00|0.00|0.00|0.00|0.00|0.00|
FOTODIODOAZUL|362.00|12.00|2.00|2.00|0.00|0.00|0.00|0.00|0.00|0.00|0.00|0.00|0.00|0.00|0.00|
FOTORES10M|34.00|3.00|21.00|10.00|4.00|0.00|7.00|0.00|0.00|0.00|0.00|0.00|0.00|0.00|0.00|
FOTORES2M|1031.00|29.00|18.00|6.00|11.00|1.00|0.00|0.00|0.00|0.00|0.00|0.00|0.00|0.00|0.00|
FOTOTRANSISTORNE|925.00|32.00|3.00|2.00|0.00|1.00|0.00|0.00|0.00|0.00|0.00|0.00|0.00|0.00|0.00|
GAL22V10-25LP|128.00|18.00|4.00|0.00|4.00|0.00|0.00|0.00|0.00|0.00|0.00|0.00|0.00|0.00|0.00|
GRABADOR-PICS|0.00|1.00|2.00|1.00|1.00|0.00|0.00|0.00|0.00|0.00|0.00|0.00|0.00|0.00|0.00|
GRASA|12.00|3.00|2.00|0.00|2.00|0.00|0.00|0.00|0.00|0.00|0.00|0.00|0.00|0.00|0.00|
HEADERHEMBRA|0.00|11.00|9.00|0.00|3.00|6.00|0.00|0.00|0.00|0.00|0.00|0.00|0.00|0.00|0.00|
HEADERSEN|241.00|0.00|21.00|0.00|1.00|7.00|13.00|0.00|0.00|0.00|0.00|0.00|0.00|0.00|0.00|
HEADERTORNEADO-40P|130.00|13.00|5.00|0.00|2.00|3.00|0.00|0.00|0.00|0.00|0.00|0.00|0.00|0.00|0.00|
HOJA-A3|(null)|1.00|19.00|2.00|3.00|14.00|0.00|0.00|0.00|0.00|0.00|0.00|0.00|0.00|0.00|
HOJA-A4CUADRI|(null)|16.00|4.00|0.00|4.00|0.00|0.00|0.00|0.00|0.00|0.00|0.00|0.00|0.00|0.00|
INTBALANCINCHI|4.00|20.00|13.00|0.00|12.00|0.00|1.00|0.00|0.00|0.00|0.00|0.00|0.00|0.00|0.00|
INTBALANCINMINI|131.00|0.00|2.00|0.00|2.00|0.00|0.00|0.00|0.00|0.00|0.00|0.00|0.00|0.00|0.00|
INTCHI|1814.00|65.00|11.00|0.00|5.00|5.00|1.00|0.00|0.00|0.00|0.00|0.00|0.00|0.00|0.00|
INTCOLADERATA2P|93.00|-1.00|27.00|8.00|19.00|0.00|0.00|0.00|0.00|0.00|0.00|0.00|0.00|0.00|0.00|
INTCOLADERATA3P|125.00|2.00|2.00|0.00|2.00|0.00|0.00|0.00|0.00|0.00|0.00|0.00|0.00|0.00|0.00|
INTFOCONEONCHI|125.00|9.00|1.00|0.00|1.00|0.00|0.00|0.00|0.00|0.00|0.00|0.00|0.00|0.00|0.00|
INTPALANCA|52.00|3.00|16.00|0.00|9.00|4.00|3.00|0.00|0.00|0.00|0.00|0.00|0.00|0.00|0.00|
IRF540|87.00|2.00|5.00|0.00|0.00|1.00|4.00|0.00|0.00|0.00|0.00|0.00|0.00|0.00|0.00|
IRF630|108.00|22.00|35.00|0.00|34.00|1.00|0.00|0.00|0.00|0.00|0.00|0.00|0.00|0.00|0.00|
IRF740|0.00|3.00|3.00|0.00|0.00|0.00|3.00|0.00|0.00|0.00|0.00|0.00|0.00|0.00|0.00|
JACK3.5MM|(null)|3.00|1.00|0.00|0.00|1.00|0.00|0.00|0.00|0.00|0.00|0.00|0.00|0.00|0.00|
JGOCAIMANESCHI|118.00|8.00|4.00|2.00|2.00|0.00|0.00|0.00|0.00|0.00|0.00|0.00|0.00|0.00|0.00|
JGODEPINZAS|15.00|5.00|1.00|1.00|0.00|0.00|0.00|0.00|0.00|0.00|0.00|0.00|0.00|0.00|0.00|
JUMPERDUPONTH-H20CM|69.50|5.00|2.00|0.00|1.00|0.00|1.00|0.00|0.00|0.00|0.00|0.00|0.00|0.00|0.00|
JUMPERDUPONTH-M20CM|212.00|8.00|1.00|0.00|1.00|0.00|0.00|0.00|0.00|0.00|0.00|0.00|0.00|0.00|0.00|
JUMPERDUPONTM-M20CM|596.50|7.00|2.00|0.00|1.00|1.00|0.00|0.00|0.00|0.00|0.00|0.00|0.00|0.00|0.00|
JUMPERH-H20CM|10.00|18.00|19.00|0.00|7.00|10.00|2.00|0.00|0.00|0.00|0.00|0.00|0.00|0.00|0.00|
JUMPERH-M10CM|34.00|95.00|4.00|0.00|4.00|0.00|0.00|0.00|0.00|0.00|0.00|0.00|0.00|0.00|0.00|
JUMPERH-M20CM|25.00|9.00|82.00|10.00|38.00|34.00|0.00|0.00|0.00|0.00|0.00|0.00|0.00|0.00|0.00|
JUMPERM-M10CM|34.00|13.00|3.00|0.00|0.00|3.00|0.00|0.00|0.00|0.00|0.00|0.00|0.00|0.00|0.00|
JUMPERM-M20CM|76.00|2.00|157.00|25.00|73.00|59.00|0.00|0.00|0.00|0.00|0.00|0.00|0.00|0.00|0.00|
KITENGRANES|5.00|0.00|1.00|0.00|1.00|0.00|0.00|0.00|0.00|0.00|0.00|0.00|0.00|0.00|0.00|
KITENGRANES-55|5.00|4.00|1.00|0.00|1.00|0.00|0.00|0.00|0.00|0.00|0.00|0.00|0.00|0.00|0.00|
KITSOLDADURA|48.00|1.00|2.00|0.00|1.00|1.00|0.00|0.00|0.00|0.00|0.00|0.00|0.00|0.00|0.00|
L293B|1.00|7.00|3.00|0.00|3.00|0.00|0.00|0.00|0.00|0.00|0.00|0.00|0.00|0.00|0.00|
L293D|17.00|24.00|13.00|0.00|11.00|1.00|1.00|0.00|0.00|0.00|0.00|0.00|0.00|0.00|0.00|
LAMPARA12V|55.00|6.00|34.00|9.00|19.00|6.00|0.00|0.00|0.00|0.00|0.00|0.00|0.00|0.00|0.00|
LAPIZ-2H|0.00|35.00|1.00|0.00|1.00|0.00|0.00|0.00|0.00|0.00|0.00|0.00|0.00|0.00|0.00|
LAPIZ-4H|0.00|33.00|3.00|1.00|2.00|0.00|0.00|0.00|0.00|0.00|0.00|0.00|0.00|0.00|0.00|
LAPIZ-HB|0.00|31.00|3.00|1.00|2.00|0.00|0.00|0.00|0.00|0.00|0.00|0.00|0.00|0.00|0.00|
LCD16X2C/LUZ|66.00|0.00|5.00|0.00|3.00|2.00|0.00|0.00|0.00|0.00|0.00|0.00|0.00|0.00|0.00|
LCDOLED|12.00|1.00|2.00|0.00|1.00|1.00|0.00|0.00|0.00|0.00|0.00|0.00|0.00|0.00|0.00|
LEDA|6678.00|82.00|317.00|74.00|168.00|65.00|10.00|0.00|0.00|0.00|0.00|0.00|0.00|0.00|0.00|
LEDAZUL|1673.00|240.00|322.00|76.00|163.00|83.00|0.00|0.00|0.00|0.00|0.00|0.00|0.00|0.00|0.00|
LEDB|9964.00|103.00|385.00|151.00|201.00|23.00|10.00|0.00|0.00|0.00|0.00|0.00|0.00|0.00|0.00|
LEDBICOLOR|0.00|23.00|2.00|0.00|0.00|1.00|1.00|0.00|0.00|0.00|0.00|0.00|0.00|0.00|0.00|
LEDJUMBOULTRABL|50.00|0.00|7.00|0.00|0.00|0.00|7.00|0.00|0.00|0.00|0.00|0.00|0.00|0.00|0.00|
LEDN|799.00|178.00|46.00|22.00|24.00|0.00|0.00|0.00|0.00|0.00|0.00|0.00|0.00|0.00|0.00|
LEDPOTENCIA1W-AZ|0.00|2.00|1.00|0.00|1.00|0.00|0.00|0.00|0.00|0.00|0.00|0.00|0.00|0.00|0.00|
LEDPOTENCIA3WBLA|39.00|28.00|1.00|1.00|0.00|0.00|0.00|0.00|0.00|0.00|0.00|0.00|0.00|0.00|0.00|
LEDR|2110.00|169.00|474.00|74.00|298.00|71.00|31.00|0.00|0.00|0.00|0.00|0.00|0.00|0.00|0.00|
LEDRGB2P|760.00|34.00|18.00|2.00|6.00|4.00|6.00|0.00|0.00|0.00|0.00|0.00|0.00|0.00|0.00|
LEDRGB4PCATODO|275.00|24.00|3.00|0.00|3.00|0.00|0.00|0.00|0.00|0.00|0.00|0.00|0.00|0.00|0.00|
LEDULTRAAZUL|1221.00|91.00|59.00|2.00|33.00|14.00|10.00|0.00|0.00|0.00|0.00|0.00|0.00|0.00|0.00|
LEDULTRABLA|8198.00|204.00|33.00|7.00|16.00|10.00|0.00|0.00|0.00|0.00|0.00|0.00|0.00|0.00|0.00|
LEDULTRAROJO|815.00|74.00|26.00|0.00|20.00|6.00|0.00|0.00|0.00|0.00|0.00|0.00|0.00|0.00|0.00|
LEDULTRAROSA|946.00|89.00|11.00|0.00|6.00|5.00|0.00|0.00|0.00|0.00|0.00|0.00|0.00|0.00|0.00|
LEDULTRAVER|840.00|127.00|23.00|2.00|20.00|0.00|1.00|0.00|0.00|0.00|0.00|0.00|0.00|0.00|0.00|
LEDULTRAVIOLETA|532.00|21.00|5.00|0.00|4.00|1.00|0.00|0.00|0.00|0.00|0.00|0.00|0.00|0.00|0.00|
LEDV|6663.00|176.00|576.00|223.00|291.00|62.00|0.00|0.00|0.00|0.00|0.00|0.00|0.00|0.00|0.00|
LF33CV|20.00|4.00|1.00|0.00|0.00|1.00|0.00|0.00|0.00|0.00|0.00|0.00|0.00|0.00|0.00|
LM301|47.00|5.00|1.00|0.00|1.00|0.00|0.00|0.00|0.00|0.00|0.00|0.00|0.00|0.00|0.00|
LM317T|444.00|36.00|24.00|0.00|22.00|2.00|0.00|0.00|0.00|0.00|0.00|0.00|0.00|0.00|0.00|
LM324|190.00|1.00|2.00|0.00|0.00|1.00|1.00|0.00|0.00|0.00|0.00|0.00|0.00|0.00|0.00|
LM337T|242.00|43.00|3.00|0.00|2.00|1.00|0.00|0.00|0.00|0.00|0.00|0.00|0.00|0.00|0.00|
LM35|297.00|57.00|3.00|0.00|3.00|0.00|0.00|0.00|0.00|0.00|0.00|0.00|0.00|0.00|0.00|
LM358|425.00|27.00|17.00|2.00|9.00|6.00|0.00|0.00|0.00|0.00|0.00|0.00|0.00|0.00|0.00|
LM386|221.00|49.00|14.00|0.00|12.00|2.00|0.00|0.00|0.00|0.00|0.00|0.00|0.00|0.00|0.00|
LM3900|145.00|3.00|1.00|0.00|0.00|1.00|0.00|0.00|0.00|0.00|0.00|0.00|0.00|0.00|0.00|
LM3914|0.00|7.00|1.00|1.00|0.00|0.00|0.00|0.00|0.00|0.00|0.00|0.00|0.00|0.00|0.00|
LM741|1757.00|67.00|30.00|3.00|27.00|0.00|0.00|0.00|0.00|0.00|0.00|0.00|0.00|0.00|0.00|
LM7805|377.00|31.00|36.00|2.00|20.00|11.00|3.00|0.00|0.00|0.00|0.00|0.00|0.00|0.00|0.00|
LM7809|102.00|14.00|1.00|0.00|1.00|0.00|0.00|0.00|0.00|0.00|0.00|0.00|0.00|0.00|0.00|
LM7812|407.00|74.00|1.00|0.00|0.00|1.00|0.00|0.00|0.00|0.00|0.00|0.00|0.00|0.00|0.00|
MAC218|3.00|19.00|3.00|3.00|0.00|0.00|0.00|0.00|0.00|0.00|0.00|0.00|0.00|0.00|0.00|
MAGNETO24|389.00|438.00|20.00|0.00|20.00|0.00|0.00|0.00|0.00|0.00|0.00|0.00|0.00|0.00|0.00|
MAGNETO28|2507.00|1320.00|1.00|0.00|1.00|0.00|0.00|0.00|0.00|0.00|0.00|0.00|0.00|0.00|0.00|
MBIPOLAR-02|24.00|6.00|7.00|1.00|6.00|0.00|0.00|0.00|0.00|0.00|0.00|0.00|0.00|0.00|0.00|
MBIPOLAR-03|19.00|0.00|1.00|0.00|1.00|0.00|0.00|0.00|0.00|0.00|0.00|0.00|0.00|0.00|0.00|
MINIATRIL|3.00|2.00|1.00|0.00|1.00|0.00|0.00|0.00|0.00|0.00|0.00|0.00|0.00|0.00|0.00|
MINIBUZZER|646.00|38.00|19.00|12.00|4.00|2.00|1.00|0.00|0.00|0.00|0.00|0.00|0.00|0.00|0.00|
MINILEDR|4197.00|34.00|46.00|0.00|2.00|24.00|0.00|20.00|0.00|0.00|0.00|0.00|0.00|0.00|0.00|
MINILEDULTRABLA|1096.00|100.00|13.00|0.00|0.00|13.00|0.00|0.00|0.00|0.00|0.00|0.00|0.00|0.00|0.00|
MINILEDV|598.00|28.00|22.00|0.00|2.00|20.00|0.00|0.00|0.00|0.00|0.00|0.00|0.00|0.00|0.00|
MINIMOTOR-01|50.00|4.00|1.00|0.00|1.00|0.00|0.00|0.00|0.00|0.00|0.00|0.00|0.00|0.00|0.00|
MINIP100K|610.00|81.00|2.00|0.00|0.00|2.00|0.00|0.00|0.00|0.00|0.00|0.00|0.00|0.00|0.00|
MINIP1M-H|(null)|40.00|1.00|0.00|0.00|1.00|0.00|0.00|0.00|0.00|0.00|0.00|0.00|0.00|0.00|
MINIP5K|9.00|21.00|1.00|0.00|1.00|0.00|0.00|0.00|0.00|0.00|0.00|0.00|0.00|0.00|0.00|
MINISERVO|54.00|3.00|11.00|0.00|4.00|6.00|1.00|0.00|0.00|0.00|0.00|0.00|0.00|0.00|0.00|
MOC3010|137.00|7.00|18.00|10.00|8.00|0.00|0.00|0.00|0.00|0.00|0.00|0.00|0.00|0.00|0.00|
MOC3011|342.00|27.00|30.00|28.00|2.00|0.00|0.00|0.00|0.00|0.00|0.00|0.00|0.00|0.00|0.00|
MOC3020|93.00|7.00|7.00|0.00|0.00|7.00|0.00|0.00|0.00|0.00|0.00|0.00|0.00|0.00|0.00|
MOC3021|248.00|38.00|2.00|2.00|0.00|0.00|0.00|0.00|0.00|0.00|0.00|0.00|0.00|0.00|0.00|
MOC3041|156.00|27.00|1.00|0.00|1.00|0.00|0.00|0.00|0.00|0.00|0.00|0.00|0.00|0.00|0.00|
MODULO-DC/DC|42.00|3.00|1.00|0.00|1.00|0.00|0.00|0.00|0.00|0.00|0.00|0.00|0.00|0.00|0.00|
MODULO-L293D|20.00|7.00|6.00|0.00|6.00|0.00|0.00|0.00|0.00|0.00|0.00|0.00|0.00|0.00|0.00|
MODULO-LASSER|32.00|5.00|1.00|0.00|0.00|1.00|0.00|0.00|0.00|0.00|0.00|0.00|0.00|0.00|0.00|
MODULO-PUENTEH|65.00|1.00|6.00|0.00|2.00|1.00|3.00|0.00|0.00|0.00|0.00|0.00|0.00|0.00|0.00|
MODULO-REELE2C|50.00|10.00|5.00|0.00|5.00|0.00|0.00|0.00|0.00|0.00|0.00|0.00|0.00|0.00|0.00|
MODULO-ULN2003|35.50|5.00|3.00|0.00|1.00|2.00|0.00|0.00|0.00|0.00|0.00|0.00|0.00|0.00|0.00|
MOLEX6H|1788.00|7.00|6.00|0.00|0.00|6.00|0.00|0.00|0.00|0.00|0.00|0.00|0.00|0.00|0.00|
MOLEX6M|860.00|4.00|6.00|0.00|0.00|6.00|0.00|0.00|0.00|0.00|0.00|0.00|0.00|0.00|0.00|
MOTOR5V|344.00|55.00|77.00|5.00|43.00|29.00|0.00|0.00|0.00|0.00|0.00|0.00|0.00|0.00|0.00|
MOTOR6V|(null)|8.00|6.00|2.00|1.00|3.00|0.00|0.00|0.00|0.00|0.00|0.00|0.00|0.00|0.00|
MOTOREDUCTORI |533.00|15.00|17.00|1.00|6.00|5.00|5.00|0.00|0.00|0.00|0.00|0.00|0.00|0.00|0.00|
MOTOREDUCTORMET-01|0.00|0.00|1.00|0.00|1.00|0.00|0.00|0.00|0.00|0.00|0.00|0.00|0.00|0.00|0.00|
MOTORGDE12V|800.00|17.00|5.00|2.00|1.00|2.00|0.00|0.00|0.00|0.00|0.00|0.00|0.00|0.00|0.00|
MOTORNEMACHI|1.00|4.00|1.00|0.00|0.00|1.00|0.00|0.00|0.00|0.00|0.00|0.00|0.00|0.00|0.00|
MPS2222A|1433.00|71.00|51.00|0.00|24.00|27.00|0.00|0.00|0.00|0.00|0.00|0.00|0.00|0.00|0.00|
MUL-005|11.00|4.00|1.00|1.00|0.00|0.00|0.00|0.00|0.00|0.00|0.00|0.00|0.00|0.00|0.00|
MUL-033|1.00|9.00|1.00|1.00|0.00|0.00|0.00|0.00|0.00|0.00|0.00|0.00|0.00|0.00|0.00|
MUL-282|0.00|0.00|2.00|0.00|1.00|1.00|0.00|0.00|0.00|0.00|0.00|0.00|0.00|0.00|0.00|
MUNIPOLAR-01|0.00|6.00|6.00|1.00|3.00|2.00|0.00|0.00|0.00|0.00|0.00|0.00|0.00|0.00|0.00|
MUNIPOLAR-02|98.00|19.00|2.00|0.00|1.00|0.00|1.00|0.00|0.00|0.00|0.00|0.00|0.00|0.00|0.00|
NE555|1387.00|109.00|209.00|42.00|141.00|15.00|11.00|0.00|0.00|0.00|0.00|0.00|0.00|0.00|0.00|
NE556|5.00|6.00|4.00|0.00|1.00|1.00|2.00|0.00|0.00|0.00|0.00|0.00|0.00|0.00|0.00|
OPTOIN|117.00|72.00|5.00|0.00|5.00|0.00|0.00|0.00|0.00|0.00|0.00|0.00|0.00|0.00|0.00|
ORGANIZADOR13|13.00|10.00|4.00|1.00|2.00|0.00|1.00|0.00|0.00|0.00|0.00|0.00|0.00|0.00|0.00|
ORGANIZADOR15|10.00|4.00|3.00|0.00|3.00|0.00|0.00|0.00|0.00|0.00|0.00|0.00|0.00|0.00|0.00|
PAPELCOUCHE|815.00|78.00|22.00|0.00|1.00|21.00|0.00|0.00|0.00|0.00|0.00|0.00|0.00|0.00|0.00|
PAQCOM|12.00|-1.00|1.00|0.00|1.00|0.00|0.00|0.00|0.00|0.00|0.00|0.00|0.00|0.00|0.00|
PASTA|32.00|5.00|10.00|2.00|7.00|0.00|1.00|0.00|0.00|0.00|0.00|0.00|0.00|0.00|0.00|
PERILLAECONOMICA|142.00|9.00|1.00|0.00|1.00|0.00|0.00|0.00|0.00|0.00|0.00|0.00|0.00|0.00|0.00|
PIC12F615|0.00|9.00|1.00|1.00|0.00|0.00|0.00|0.00|0.00|0.00|0.00|0.00|0.00|0.00|0.00|
PIC16F628|130.00|39.00|2.00|0.00|1.00|1.00|0.00|0.00|0.00|0.00|0.00|0.00|0.00|0.00|0.00|
PIC16F648A|91.00|7.00|7.00|0.00|3.00|4.00|0.00|0.00|0.00|0.00|0.00|0.00|0.00|0.00|0.00|
PIC16F877A|150.00|4.00|1.00|0.00|1.00|0.00|0.00|0.00|0.00|0.00|0.00|0.00|0.00|0.00|0.00|
PIC16F886|94.00|24.00|31.00|4.00|23.00|4.00|0.00|0.00|0.00|0.00|0.00|0.00|0.00|0.00|0.00|
PIC16F887|97.00|2.00|11.00|1.00|9.00|0.00|1.00|0.00|0.00|0.00|0.00|0.00|0.00|0.00|0.00|
PIEZOELECTRICO|195.00|22.00|7.00|0.00|7.00|0.00|0.00|0.00|0.00|0.00|0.00|0.00|0.00|0.00|0.00|
PIEZOELECTRICOGDE|29.00|4.00|1.00|0.00|1.00|0.00|0.00|0.00|0.00|0.00|0.00|0.00|0.00|0.00|0.00|
PILA-AAVOLTECH|90.00|12.00|1.00|0.00|0.00|1.00|0.00|0.00|0.00|0.00|0.00|0.00|0.00|0.00|0.00|
PILA3VCR2032|13.00|4.00|7.00|2.00|0.00|5.00|0.00|0.00|0.00|0.00|0.00|0.00|0.00|0.00|0.00|
PILA9VVOLTECH|50.00|10.00|50.00|24.00|15.00|6.00|3.00|2.00|0.00|0.00|0.00|0.00|0.00|0.00|0.00|
PILAD1.5V|4.00|2.00|2.00|0.00|2.00|0.00|0.00|0.00|0.00|0.00|0.00|0.00|0.00|0.00|0.00|
PINZAS-RJ45|7.00|6.00|2.00|0.00|2.00|0.00|0.00|0.00|0.00|0.00|0.00|0.00|0.00|0.00|0.00|
PINZASCORTE|6.00|5.00|14.00|9.00|4.00|1.00|0.00|0.00|0.00|0.00|0.00|0.00|0.00|0.00|0.00|
PINZASPELACABLECHI|0.00|0.00|1.00|0.00|1.00|0.00|0.00|0.00|0.00|0.00|0.00|0.00|0.00|0.00|0.00|
PINZASPUNTA|14.00|13.00|12.00|8.00|4.00|0.00|0.00|0.00|0.00|0.00|0.00|0.00|0.00|0.00|0.00|
PINZASPUNTAYCORTE|18.00|18.00|1.00|0.00|1.00|0.00|0.00|0.00|0.00|0.00|0.00|0.00|0.00|0.00|0.00|
PLACA10X10|257.00|45.00|25.00|0.00|19.00|4.00|2.00|0.00|0.00|0.00|0.00|0.00|0.00|0.00|0.00|
PLACA10X15|230.00|18.00|6.00|0.00|5.00|1.00|0.00|0.00|0.00|0.00|0.00|0.00|0.00|0.00|0.00|
PLACA15X15|38.00|7.00|3.00|1.00|0.00|2.00|0.00|0.00|0.00|0.00|0.00|0.00|0.00|0.00|0.00|
PLACA15X15DC|13.00|2.00|3.00|0.00|0.00|3.00|0.00|0.00|0.00|0.00|0.00|0.00|0.00|0.00|0.00|
PLACA20X20|30.00|8.00|5.00|0.00|4.00|1.00|0.00|0.00|0.00|0.00|0.00|0.00|0.00|0.00|0.00|
PLACA5X10|192.00|41.00|59.00|0.00|47.00|10.00|1.00|1.00|0.00|0.00|0.00|0.00|0.00|0.00|0.00|
PLACA5X5|234.00|37.00|81.00|10.00|33.00|38.00|0.00|0.00|0.00|0.00|0.00|0.00|0.00|0.00|0.00|
PLACAPERF405|25.00|26.00|9.00|1.00|8.00|0.00|0.00|0.00|0.00|0.00|0.00|0.00|0.00|0.00|0.00|
PLACAPERFTPRO-400|53.00|17.00|28.00|1.00|20.00|7.00|0.00|0.00|0.00|0.00|0.00|0.00|0.00|0.00|0.00|
PLUG3.5MM-ESTEREO|33.00|21.00|1.00|0.00|0.00|1.00|0.00|0.00|0.00|0.00|0.00|0.00|0.00|0.00|0.00|
PORTAFUROSCA-TA|23.00|17.00|1.00|0.00|0.00|1.00|0.00|0.00|0.00|0.00|0.00|0.00|0.00|0.00|0.00|
PORTAFUROSCA-TE|78.00|17.00|3.00|0.00|3.00|0.00|0.00|0.00|0.00|0.00|0.00|0.00|0.00|0.00|0.00|
PORTAPILA2-M|27.00|4.00|2.00|0.00|1.00|1.00|0.00|0.00|0.00|0.00|0.00|0.00|0.00|0.00|0.00|
PORTAPILAPLANA|46.00|1.00|4.00|0.00|0.00|4.00|0.00|0.00|0.00|0.00|0.00|0.00|0.00|0.00|0.00|
POT100K|0.00|33.00|57.00|12.00|43.00|2.00|0.00|0.00|0.00|0.00|0.00|0.00|0.00|0.00|0.00|
POT10K|720.00|54.00|80.00|35.00|35.00|4.00|6.00|0.00|0.00|0.00|0.00|0.00|0.00|0.00|0.00|
POT1K|46.00|24.00|12.00|4.00|8.00|0.00|0.00|0.00|0.00|0.00|0.00|0.00|0.00|0.00|0.00|
POT1M|122.00|28.00|2.00|0.00|0.00|1.00|1.00|0.00|0.00|0.00|0.00|0.00|0.00|0.00|0.00|
POT20K|89.00|33.00|1.00|0.00|0.00|1.00|0.00|0.00|0.00|0.00|0.00|0.00|0.00|0.00|0.00|
POT250K|22.00|12.00|4.00|0.00|4.00|0.00|0.00|0.00|0.00|0.00|0.00|0.00|0.00|0.00|0.00|
POT500|15.00|104.00|3.00|0.00|0.00|3.00|0.00|0.00|0.00|0.00|0.00|0.00|0.00|0.00|0.00|
POT500K|318.00|19.00|3.00|0.00|0.00|0.00|3.00|0.00|0.00|0.00|0.00|0.00|0.00|0.00|0.00|
POT50K|13.00|16.00|52.00|1.00|49.00|1.00|1.00|0.00|0.00|0.00|0.00|0.00|0.00|0.00|0.00|
POT5K|943.00|61.00|68.00|27.00|30.00|11.00|0.00|0.00|0.00|0.00|0.00|0.00|0.00|0.00|0.00|
POTDOBLE10K|49.00|3.00|1.00|1.00|0.00|0.00|0.00|0.00|0.00|0.00|0.00|0.00|0.00|0.00|0.00|
PROBADOR-CTOS|9.00|12.00|1.00|0.00|1.00|0.00|0.00|0.00|0.00|0.00|0.00|0.00|0.00|0.00|0.00|
PROBADOR-RJ45|0.00|1.00|1.00|0.00|1.00|0.00|0.00|0.00|0.00|0.00|0.00|0.00|0.00|0.00|0.00|
PROBADOR-RJ45ECO|0.00|2.00|1.00|0.00|1.00|0.00|0.00|0.00|0.00|0.00|0.00|0.00|0.00|0.00|0.00|
PROTO-005|231.00|2.00|4.00|0.00|2.00|2.00|0.00|0.00|0.00|0.00|0.00|0.00|0.00|0.00|0.00|
PROTO-016|618.00|9.00|33.00|11.00|12.00|9.00|1.00|0.00|0.00|0.00|0.00|0.00|0.00|0.00|0.00|
PROTO-102|557.00|30.00|36.00|11.00|16.00|8.00|1.00|0.00|0.00|0.00|0.00|0.00|0.00|0.00|0.00|
PROTO-103|20.00|3.00|12.00|7.00|4.00|1.00|0.00|0.00|0.00|0.00|0.00|0.00|0.00|0.00|0.00|
PUEDIO2A|147.00|35.00|24.00|1.00|22.00|1.00|0.00|0.00|0.00|0.00|0.00|0.00|0.00|0.00|0.00|
PUEDIO4A|113.00|11.00|5.00|0.00|5.00|0.00|0.00|0.00|0.00|0.00|0.00|0.00|0.00|0.00|0.00|
PUNTAMULTI|37.00|2.00|1.00|0.00|1.00|0.00|0.00|0.00|0.00|0.00|0.00|0.00|0.00|0.00|0.00|
PUNTAMULTI03|25.00|0.00|1.00|0.00|1.00|0.00|0.00|0.00|0.00|0.00|0.00|0.00|0.00|0.00|0.00|
PUNTAOSC2|1248.00|6.00|4.00|1.00|1.00|2.00|0.00|0.00|0.00|0.00|0.00|0.00|0.00|0.00|0.00|
PUNTB/B|62.00|83.00|7.00|5.00|2.00|0.00|0.00|0.00|0.00|0.00|0.00|0.00|0.00|0.00|0.00|
PUNTB/B-APILABLE|483.00|0.50|12.00|4.00|8.00|0.00|0.00|0.00|0.00|0.00|0.00|0.00|0.00|0.00|0.00|
PUNTB/B-APILABLEECON|0.00|35.00|14.00|0.00|10.00|4.00|0.00|0.00|0.00|0.00|0.00|0.00|0.00|0.00|0.00|
PUNTBNC/BNC|243.00|5.00|2.00|2.00|0.00|0.00|0.00|0.00|0.00|0.00|0.00|0.00|0.00|0.00|0.00|
PUNTC/C|218.00|62.00|15.00|9.00|6.00|0.00|0.00|0.00|0.00|0.00|0.00|0.00|0.00|0.00|0.00|
PUNTREB/C|(null)|10.00|17.00|7.00|10.00|0.00|0.00|0.00|0.00|0.00|0.00|0.00|0.00|0.00|0.00|
PUSH2P|6493.00|666.00|461.00|6.00|366.00|76.00|13.00|0.00|0.00|0.00|0.00|0.00|0.00|0.00|0.00|
PUSH4P|2427.00|97.00|14.00|0.00|8.00|6.00|0.00|0.00|0.00|0.00|0.00|0.00|0.00|0.00|0.00|
PUSHNEGRO|233.00|57.00|93.00|22.00|44.00|27.00|0.00|0.00|0.00|0.00|0.00|0.00|0.00|0.00|0.00|
PUSHROJO|131.00|46.00|99.00|18.00|65.00|16.00|0.00|0.00|0.00|0.00|0.00|0.00|0.00|0.00|0.00|
Q4008|7.00|20.00|19.00|19.00|0.00|0.00|0.00|0.00|0.00|0.00|0.00|0.00|0.00|0.00|0.00|
QRD1114|49.00|15.00|6.00|0.00|1.00|5.00|0.00|0.00|0.00|0.00|0.00|0.00|0.00|0.00|0.00|
R1.2Kw1/2|5183.00|160.00|15.00|10.00|5.00|0.00|0.00|0.00|0.00|0.00|0.00|0.00|0.00|0.00|0.00|
R1.2Kw10|1.00|8.00|2.00|0.00|0.00|2.00|0.00|0.00|0.00|0.00|0.00|0.00|0.00|0.00|0.00|
R1.5Kw1/2|7659.00|90.00|20.00|0.00|10.00|10.00|0.00|0.00|0.00|0.00|0.00|0.00|0.00|0.00|0.00|
R1.5Mw1/2|8000.00|80.00|5.00|0.00|0.00|5.00|0.00|0.00|0.00|0.00|0.00|0.00|0.00|0.00|0.00|
R1.8Kw1/2|4905.00|110.00|5.00|5.00|0.00|0.00|0.00|0.00|0.00|0.00|0.00|0.00|0.00|0.00|0.00|
R100Kw1/2|13163.00|110.00|160.00|10.00|130.00|20.00|0.00|0.00|0.00|0.00|0.00|0.00|0.00|0.00|0.00|
R100w1/2|9269.00|3790.00|400.00|135.00|170.00|85.00|5.00|5.00|0.00|0.00|0.00|0.00|0.00|0.00|0.00|
R100w10|75.00|7.00|6.00|4.00|2.00|0.00|0.00|0.00|0.00|0.00|0.00|0.00|0.00|0.00|0.00|
R100w5|119.00|33.00|1.00|0.00|1.00|0.00|0.00|0.00|0.00|0.00|0.00|0.00|0.00|0.00|0.00|
R10Kw1|431.00|53.00|3.00|0.00|3.00|0.00|0.00|0.00|0.00|0.00|0.00|0.00|0.00|0.00|0.00|
R10Kw1/2|40494.00|838.00|597.00|55.00|372.00|150.00|20.00|0.00|0.00|0.00|0.00|0.00|0.00|0.00|0.00|
R10Kw10|0.00|7.00|2.00|0.00|0.00|2.00|0.00|0.00|0.00|0.00|0.00|0.00|0.00|0.00|0.00|
R10Mw1/2|6860.00|140.00|10.00|0.00|0.00|5.00|5.00|0.00|0.00|0.00|0.00|0.00|0.00|0.00|0.00|
R10w1/2|5290.00|165.00|40.00|10.00|20.00|10.00|0.00|0.00|0.00|0.00|0.00|0.00|0.00|0.00|0.00|
R10w5|191.00|21.00|3.00|0.00|3.00|0.00|0.00|0.00|0.00|0.00|0.00|0.00|0.00|0.00|0.00|
R120Kw1/2|5575.00|445.00|20.00|5.00|15.00|0.00|0.00|0.00|0.00|0.00|0.00|0.00|0.00|0.00|0.00|
R120w1/2|5525.00|75.00|35.00|0.00|25.00|10.00|0.00|0.00|0.00|0.00|0.00|0.00|0.00|0.00|0.00|
R120w10|0.00|5.00|3.00|0.00|3.00|0.00|0.00|0.00|0.00|0.00|0.00|0.00|0.00|0.00|0.00|
R12Kw1/2|8805.00|195.00|20.00|0.00|10.00|5.00|5.00|0.00|0.00|0.00|0.00|0.00|0.00|0.00|0.00|
R150Kw1/2|5220.00|70.00|10.00|0.00|10.00|0.00|0.00|0.00|0.00|0.00|0.00|0.00|0.00|0.00|0.00|
R150w1/2|4330.00|130.00|25.00|0.00|15.00|0.00|0.00|10.00|0.00|0.00|0.00|0.00|0.00|0.00|0.00|
R150w10|2.00|8.00|2.00|0.00|2.00|0.00|0.00|0.00|0.00|0.00|0.00|0.00|0.00|0.00|0.00|
R150w5|72.00|21.00|2.00|0.00|2.00|0.00|0.00|0.00|0.00|0.00|0.00|0.00|0.00|0.00|0.00|
R15Kw1/2|5754.00|165.00|35.00|0.00|30.00|5.00|0.00|0.00|0.00|0.00|0.00|0.00|0.00|0.00|0.00|
R15w1/2|7730.00|180.00|10.00|0.00|10.00|0.00|0.00|0.00|0.00|0.00|0.00|0.00|0.00|0.00|0.00|
R180w1/2|18460.00|270.00|145.00|85.00|60.00|0.00|0.00|0.00|0.00|0.00|0.00|0.00|0.00|0.00|0.00|
R18Kw1/2|3975.00|145.00|25.00|0.00|25.00|0.00|0.00|0.00|0.00|0.00|0.00|0.00|0.00|0.00|0.00|
R18w1/2|3495.00|30.00|5.00|0.00|5.00|0.00|0.00|0.00|0.00|0.00|0.00|0.00|0.00|0.00|0.00|
R1Kw1|8.00|10.00|5.00|0.00|0.00|5.00|0.00|0.00|0.00|0.00|0.00|0.00|0.00|0.00|0.00|
R1Kw1/2|32689.00|2568.00|1292.00|370.00|681.00|210.00|31.00|0.00|0.00|0.00|0.00|0.00|0.00|0.00|0.00|
R1Kw5|155.00|17.00|4.00|2.00|2.00|0.00|0.00|0.00|0.00|0.00|0.00|0.00|0.00|0.00|0.00|
R1Mw1/2|4509.00|19.00|61.00|0.00|51.00|10.00|0.00|0.00|0.00|0.00|0.00|0.00|0.00|0.00|0.00|
R1w1|411.00|49.00|1.00|0.00|1.00|0.00|0.00|0.00|0.00|0.00|0.00|0.00|0.00|0.00|0.00|
R1w1/2|681.00|130.00|20.00|0.00|15.00|0.00|5.00|0.00|0.00|0.00|0.00|0.00|0.00|0.00|0.00|
R1w5|4.00|12.00|1.00|0.00|1.00|0.00|0.00|0.00|0.00|0.00|0.00|0.00|0.00|0.00|0.00|
R2.2Kw1/2|11540.00|525.00|265.00|150.00|80.00|35.00|0.00|0.00|0.00|0.00|0.00|0.00|0.00|0.00|0.00|
R2.2w1/2|4120.00|295.00|5.00|0.00|0.00|0.00|5.00|0.00|0.00|0.00|0.00|0.00|0.00|0.00|0.00|
R2.7Kw1/2|2905.00|94.00|6.00|1.00|5.00|0.00|0.00|0.00|0.00|0.00|0.00|0.00|0.00|0.00|0.00|
R220Kw1/2|7975.00|185.00|45.00|0.00|40.00|5.00|0.00|0.00|0.00|0.00|0.00|0.00|0.00|0.00|0.00|
R220w1|701.00|22.00|6.00|6.00|0.00|0.00|0.00|0.00|0.00|0.00|0.00|0.00|0.00|0.00|0.00|
R220w1/2|33294.00|2689.00|1181.00|395.00|655.00|120.00|11.00|0.00|0.00|0.00|0.00|0.00|0.00|0.00|0.00|
R220w10|160.00|0.00|4.00|0.00|4.00|0.00|0.00|0.00|0.00|0.00|0.00|0.00|0.00|0.00|0.00|
R220w5|128.00|25.00|2.00|0.00|2.00|0.00|0.00|0.00|0.00|0.00|0.00|0.00|0.00|0.00|0.00|
R22Kw1/2|3555.00|190.00|35.00|5.00|30.00|0.00|0.00|0.00|0.00|0.00|0.00|0.00|0.00|0.00|0.00|
R22w1/2|2930.00|65.00|10.00|0.00|5.00|0.00|5.00|0.00|0.00|0.00|0.00|0.00|0.00|0.00|0.00|
R270Kw1/2|6190.00|110.00|5.00|0.00|5.00|0.00|0.00|0.00|0.00|0.00|0.00|0.00|0.00|0.00|0.00|
R270w1/2|4725.00|60.00|55.00|25.00|30.00|0.00|0.00|0.00|0.00|0.00|0.00|0.00|0.00|0.00|0.00|
R270w5|136.00|7.00|1.00|0.00|1.00|0.00|0.00|0.00|0.00|0.00|0.00|0.00|0.00|0.00|0.00|
R27Kw1/2|10745.00|245.00|20.00|0.00|15.00|5.00|0.00|0.00|0.00|0.00|0.00|0.00|0.00|0.00|0.00|
R27w1/2|4610.00|235.00|5.00|0.00|5.00|0.00|0.00|0.00|0.00|0.00|0.00|0.00|0.00|0.00|0.00|
R3.3Kw1/2|9490.00|20.00|75.00|30.00|25.00|10.00|10.00|0.00|0.00|0.00|0.00|0.00|0.00|0.00|0.00|
R3.3w1/2|2525.00|90.00|5.00|0.00|0.00|5.00|0.00|0.00|0.00|0.00|0.00|0.00|0.00|0.00|0.00|
R3.9Kw1/2|3459.00|80.00|15.00|5.00|5.00|5.00|0.00|0.00|0.00|0.00|0.00|0.00|0.00|0.00|0.00|
R330Kw1/2|50.00|80.00|10.00|0.00|5.00|5.00|0.00|0.00|0.00|0.00|0.00|0.00|0.00|0.00|0.00|
R330w1|452.00|11.00|1.00|0.00|1.00|0.00|0.00|0.00|0.00|0.00|0.00|0.00|0.00|0.00|0.00|
R330w1/2|30627.00|4130.00|1445.00|460.00|775.00|200.00|10.00|0.00|0.00|0.00|0.00|0.00|0.00|0.00|0.00|
R330w10|168.00|10.00|4.00|0.00|4.00|0.00|0.00|0.00|0.00|0.00|0.00|0.00|0.00|0.00|0.00|
R330w5|10.00|30.00|2.00|0.00|2.00|0.00|0.00|0.00|0.00|0.00|0.00|0.00|0.00|0.00|0.00|
R33Kw1/2|6190.00|295.00|10.00|0.00|10.00|0.00|0.00|0.00|0.00|0.00|0.00|0.00|0.00|0.00|0.00|
R33w1/2|6265.00|60.00|15.00|0.00|10.00|0.00|0.00|5.00|0.00|0.00|0.00|0.00|0.00|0.00|0.00|
R390w1/2|7715.00|115.00|10.00|0.00|10.00|0.00|0.00|0.00|0.00|0.00|0.00|0.00|0.00|0.00|0.00|
R39Kw1/2|5025.00|195.00|5.00|0.00|5.00|0.00|0.00|0.00|0.00|0.00|0.00|0.00|0.00|0.00|0.00|
R39w1|767.00|16.00|6.00|6.00|0.00|0.00|0.00|0.00|0.00|0.00|0.00|0.00|0.00|0.00|0.00|
R39w1/2|2780.00|75.00|5.00|0.00|5.00|0.00|0.00|0.00|0.00|0.00|0.00|0.00|0.00|0.00|0.00|
R4.7Kw1|691.00|5.00|2.00|2.00|0.00|0.00|0.00|0.00|0.00|0.00|0.00|0.00|0.00|0.00|0.00|
R4.7Kw1/2|18305.00|490.00|270.00|70.00|145.00|50.00|5.00|0.00|0.00|0.00|0.00|0.00|0.00|0.00|0.00|
R4.7w1/2|7660.00|380.00|20.00|0.00|10.00|10.00|0.00|0.00|0.00|0.00|0.00|0.00|0.00|0.00|0.00|
R4.7w5|58.00|13.00|2.00|0.00|2.00|0.00|0.00|0.00|0.00|0.00|0.00|0.00|0.00|0.00|0.00|
R470Kw1/2|5250.00|210.00|10.00|0.00|10.00|0.00|0.00|0.00|0.00|0.00|0.00|0.00|0.00|0.00|0.00|
R470w1|450.00|36.00|11.00|0.00|11.00|0.00|0.00|0.00|0.00|0.00|0.00|0.00|0.00|0.00|0.00|
R470w1/2|11565.00|1165.00|205.00|50.00|120.00|25.00|10.00|0.00|0.00|0.00|0.00|0.00|0.00|0.00|0.00|
R470w10|18.00|15.00|4.00|0.00|4.00|0.00|0.00|0.00|0.00|0.00|0.00|0.00|0.00|0.00|0.00|
R470w5|25.00|8.00|2.00|0.00|2.00|0.00|0.00|0.00|0.00|0.00|0.00|0.00|0.00|0.00|0.00|
R47Kw1/2|6075.00|245.00|25.00|0.00|25.00|0.00|0.00|0.00|0.00|0.00|0.00|0.00|0.00|0.00|0.00|
R47w1/2|4835.00|95.00|50.00|30.00|15.00|0.00|0.00|5.00|0.00|0.00|0.00|0.00|0.00|0.00|0.00|
R5.6Kw1/2|4730.00|85.00|10.00|0.00|10.00|0.00|0.00|0.00|0.00|0.00|0.00|0.00|0.00|0.00|0.00|
R5.6w1/2|2935.00|40.00|5.00|0.00|0.00|5.00|0.00|0.00|0.00|0.00|0.00|0.00|0.00|0.00|0.00|
R560w1/2|7954.00|264.00|316.00|95.00|191.00|30.00|0.00|0.00|0.00|0.00|0.00|0.00|0.00|0.00|0.00|
R560w10|0.00|23.00|2.00|0.00|2.00|0.00|0.00|0.00|0.00|0.00|0.00|0.00|0.00|0.00|0.00|
R560w5|57.00|8.00|3.00|0.00|3.00|0.00|0.00|0.00|0.00|0.00|0.00|0.00|0.00|0.00|0.00|
R56Kw1/2|5985.00|10.00|5.00|0.00|5.00|0.00|0.00|0.00|0.00|0.00|0.00|0.00|0.00|0.00|0.00|
R56w1/2|5429.00|30.00|5.00|0.00|5.00|0.00|0.00|0.00|0.00|0.00|0.00|0.00|0.00|0.00|0.00|
R6.8Kw1/2|4765.00|185.00|55.00|0.00|50.00|5.00|0.00|0.00|0.00|0.00|0.00|0.00|0.00|0.00|0.00|
R680Kw1/2|1840.00|805.00|5.00|0.00|5.00|0.00|0.00|0.00|0.00|0.00|0.00|0.00|0.00|0.00|0.00|
R680w1/2|10280.00|1075.00|70.00|35.00|35.00|0.00|0.00|0.00|0.00|0.00|0.00|0.00|0.00|0.00|0.00|
R68Kw1/2|3290.00|95.00|10.00|0.00|5.00|5.00|0.00|0.00|0.00|0.00|0.00|0.00|0.00|0.00|0.00|
R68w1/2|2685.00|280.00|10.00|0.00|5.00|5.00|0.00|0.00|0.00|0.00|0.00|0.00|0.00|0.00|0.00|
R8.2Kw1/2|3360.00|185.00|30.00|0.00|20.00|10.00|0.00|0.00|0.00|0.00|0.00|0.00|0.00|0.00|0.00|
R820w1/2|8239.00|150.00|25.00|5.00|20.00|0.00|0.00|0.00|0.00|0.00|0.00|0.00|0.00|0.00|0.00|
R82w1/2|2370.00|170.00|5.00|0.00|5.00|0.00|0.00|0.00|0.00|0.00|0.00|0.00|0.00|0.00|0.00|
REEDSWITCH|1862.00|134.00|2.00|0.00|0.00|0.00|2.00|0.00|0.00|0.00|0.00|0.00|0.00|0.00|0.00|
REEL12V|3.00|106.00|9.00|0.00|4.00|5.00|0.00|0.00|0.00|0.00|0.00|0.00|0.00|0.00|0.00|
REEL24V|2.00|33.00|6.00|0.00|1.00|5.00|0.00|0.00|0.00|0.00|0.00|0.00|0.00|0.00|0.00|
REEL5V|16.00|22.00|124.00|6.00|58.00|60.00|0.00|0.00|0.00|0.00|0.00|0.00|0.00|0.00|0.00|
REEL6V|45.00|45.00|29.00|19.00|4.00|6.00|0.00|0.00|0.00|0.00|0.00|0.00|0.00|0.00|0.00|
S9012H|4.00|2.00|2.00|0.00|0.00|0.00|2.00|0.00|0.00|0.00|0.00|0.00|0.00|0.00|0.00|
SENSOR-HUMEDADYTEMP|39.00|1.00|1.00|0.00|0.00|1.00|0.00|0.00|0.00|0.00|0.00|0.00|0.00|0.00|0.00|
SENSOR-PIR|49.00|12.00|1.00|0.00|1.00|0.00|0.00|0.00|0.00|0.00|0.00|0.00|0.00|0.00|0.00|
SENSOR-ULTRASONICO|95.00|13.00|1.00|0.00|1.00|0.00|0.00|0.00|0.00|0.00|0.00|0.00|0.00|0.00|0.00|
SINTRA3MM20X30|0.00|27.00|6.00|0.00|3.00|3.00|0.00|0.00|0.00|0.00|0.00|0.00|0.00|0.00|0.00|
SOCKETPRESION|0.00|21.00|2.00|0.00|2.00|0.00|0.00|0.00|0.00|0.00|0.00|0.00|0.00|0.00|0.00|
SOCKETROSCA|155.00|42.00|1.00|0.00|1.00|0.00|0.00|0.00|0.00|0.00|0.00|0.00|0.00|0.00|0.00|
SOLDADURA|303.50|145.00|95.00|9.00|67.00|17.00|2.00|0.00|0.00|0.00|0.00|0.00|0.00|0.00|0.00|
SOQUETBLANCO|85.00|6.00|4.00|4.00|0.00|0.00|0.00|0.00|0.00|0.00|0.00|0.00|0.00|0.00|0.00|
SOQUETPLASTICO|0.00|0.00|2.00|0.00|2.00|0.00|0.00|0.00|0.00|0.00|0.00|0.00|0.00|0.00|0.00|
SUJETADOR-20|87.00|7.00|5.00|0.00|0.00|5.00|0.00|0.00|0.00|0.00|0.00|0.00|0.00|0.00|0.00|
TALADROMANUAL|8.00|4.00|6.00|0.00|4.00|1.00|1.00|0.00|0.00|0.00|0.00|0.00|0.00|0.00|0.00|
TCRT5000|36.00|11.00|2.00|0.00|0.00|2.00|0.00|0.00|0.00|0.00|0.00|0.00|0.00|0.00|0.00|
TDA2822/8P|2.00|1.00|3.00|0.00|2.00|1.00|0.00|0.00|0.00|0.00|0.00|0.00|0.00|0.00|0.00|
TECLADOMEM|87.00|3.00|13.00|0.00|9.00|3.00|1.00|0.00|0.00|0.00|0.00|0.00|0.00|0.00|0.00|
TERMINAL|9187.00|89.00|48.00|0.00|0.00|40.00|8.00|0.00|0.00|0.00|0.00|0.00|0.00|0.00|0.00|
TERMISTOR10K|423.00|26.00|1.00|0.00|1.00|0.00|0.00|0.00|0.00|0.00|0.00|0.00|0.00|0.00|0.00|
THERMOFIT1/4|171.00|32.00|3.00|0.00|1.00|1.00|1.00|0.00|0.00|0.00|0.00|0.00|0.00|0.00|0.00|
THERMOFIT1/8|155.50|51.00|19.00|4.00|6.00|9.00|0.00|0.00|0.00|0.00|0.00|0.00|0.00|0.00|0.00|
THERMOFIT3/32|45.50|55.00|5.00|2.00|2.00|0.00|1.00|0.00|0.00|0.00|0.00|0.00|0.00|0.00|0.00|
TIC106|27.00|27.00|2.00|0.00|2.00|0.00|0.00|0.00|0.00|0.00|0.00|0.00|0.00|0.00|0.00|
TIC226|0.00|28.00|16.00|1.00|10.00|5.00|0.00|0.00|0.00|0.00|0.00|0.00|0.00|0.00|0.00|
TIP120|0.00|31.00|17.00|0.00|13.00|4.00|0.00|0.00|0.00|0.00|0.00|0.00|0.00|0.00|0.00|
TIP125|3.00|16.00|6.00|0.00|6.00|0.00|0.00|0.00|0.00|0.00|0.00|0.00|0.00|0.00|0.00|
TIP41|316.00|43.00|148.00|30.00|63.00|52.00|3.00|0.00|0.00|0.00|0.00|0.00|0.00|0.00|0.00|
TIP42|236.00|35.00|26.00|0.00|22.00|4.00|0.00|0.00|0.00|0.00|0.00|0.00|0.00|0.00|0.00|
TRA12V1A|24.00|1.00|9.00|0.00|8.00|0.00|1.00|0.00|0.00|0.00|0.00|0.00|0.00|0.00|0.00|
TRA12V2A|55.00|6.00|5.00|2.00|3.00|0.00|0.00|0.00|0.00|0.00|0.00|0.00|0.00|0.00|0.00|
TRA18V1A|13.00|7.00|5.00|0.00|5.00|0.00|0.00|0.00|0.00|0.00|0.00|0.00|0.00|0.00|0.00|
TRA24V1A|12.00|12.00|2.00|1.00|1.00|0.00|0.00|0.00|0.00|0.00|0.00|0.00|0.00|0.00|0.00|
TRA24V2A|52.00|14.00|2.00|0.00|1.00|1.00|0.00|0.00|0.00|0.00|0.00|0.00|0.00|0.00|0.00|
TRA30V1A|115.00|4.00|1.00|0.00|1.00|0.00|0.00|0.00|0.00|0.00|0.00|0.00|0.00|0.00|0.00|
TRA6V1A|0.00|3.00|1.00|0.00|1.00|0.00|0.00|0.00|0.00|0.00|0.00|0.00|0.00|0.00|0.00|
TRA9V1A|5.00|3.00|5.00|0.00|5.00|0.00|0.00|0.00|0.00|0.00|0.00|0.00|0.00|0.00|0.00|
TRIM10K|28.00|6.00|1.00|0.00|0.00|1.00|0.00|0.00|0.00|0.00|0.00|0.00|0.00|0.00|0.00|
TRIM50K|154.00|9.00|1.00|0.00|1.00|0.00|0.00|0.00|0.00|0.00|0.00|0.00|0.00|0.00|0.00|
ULN2003|120.00|17.00|2.00|0.00|1.00|1.00|0.00|0.00|0.00|0.00|0.00|0.00|0.00|0.00|0.00|
ULN2803|78.00|27.00|8.00|0.00|1.00|5.00|2.00|0.00|0.00|0.00|0.00|0.00|0.00|0.00|0.00|
USBHEMBRA-A|74.00|6.00|9.00|0.00|8.00|1.00|0.00|0.00|0.00|0.00|0.00|0.00|0.00|0.00|0.00|
USBHEMBRA-B|192.00|0.00|2.00|0.00|2.00|0.00|0.00|0.00|0.00|0.00|0.00|0.00|0.00|0.00|0.00|
VENTILADOR5V|478.00|3.00|2.00|1.00|0.00|1.00|0.00|0.00|0.00|0.00|0.00|0.00|0.00|0.00|0.00|
VOLTIMETRO-30VCA|14.00|1.00|1.00|1.00|0.00|0.00|0.00|0.00|0.00|0.00|0.00|0.00|0.00|0.00|0.00|
VOLTIMETRODIGITAL|141.00|10.00|4.00|0.00|4.00|0.00|0.00|0.00|0.00|0.00|0.00|0.00|0.00|0.00|0.00|
ZAPATA|0.00|37.00|1.00|0.00|0.00|0.00|1.00|0.00|0.00|0.00|0.00|0.00|0.00|0.00|0.00|
