cveproducto|ExistenciaMatriz|ExistenciaExpendio|VentaTotal|1|2|3|4|5|6|7|8|9|10|11|12|Producto|
1N34|0.00|27.00|6.00|0.00|2.00|0.00|0.00|4.00|0.00|0.00|0.00|0.00|0.00|0.00|0.00|
1N4001|388.00|147.00|315.00|56.00|61.00|47.00|72.00|74.00|5.00|0.00|0.00|0.00|0.00|0.00|0.00|
1N4002|532.00|91.00|31.00|6.00|14.00|1.00|6.00|0.00|4.00|0.00|0.00|0.00|0.00|0.00|0.00|
1N4003|2046.00|60.00|63.00|2.00|57.00|2.00|0.00|2.00|0.00|0.00|0.00|0.00|0.00|0.00|0.00|
1N4004|453.00|280.00|255.00|30.00|51.00|4.00|48.00|110.00|12.00|0.00|0.00|0.00|0.00|0.00|0.00|
1N4005|506.00|53.00|33.00|3.00|14.00|12.00|0.00|4.00|0.00|0.00|0.00|0.00|0.00|0.00|0.00|
1N4006|445.00|60.00|19.00|3.00|15.00|1.00|0.00|0.00|0.00|0.00|0.00|0.00|0.00|0.00|0.00|
1N4007|848.00|190.00|361.00|22.00|113.00|40.00|36.00|128.00|20.00|2.00|0.00|0.00|0.00|0.00|0.00|
1N4148|603.00|108.00|103.00|0.00|13.00|27.00|15.00|47.00|1.00|0.00|0.00|0.00|0.00|0.00|0.00|
1N4937|0.00|0.00|2.00|0.00|2.00|0.00|0.00|0.00|0.00|0.00|0.00|0.00|0.00|0.00|0.00|
1N5395|0.00|9.00|4.00|0.00|0.00|0.00|0.00|4.00|0.00|0.00|0.00|0.00|0.00|0.00|0.00|
1N5400|109.00|1.00|1.00|0.00|0.00|0.00|0.00|1.00|0.00|0.00|0.00|0.00|0.00|0.00|0.00|
1N5404|0.00|12.00|19.00|0.00|5.00|2.00|0.00|8.00|4.00|0.00|0.00|0.00|0.00|0.00|0.00|
1N5408|15.00|16.00|5.00|0.00|0.00|0.00|0.00|5.00|0.00|0.00|0.00|0.00|0.00|0.00|0.00|
1N5817|13.00|17.00|2.00|0.00|2.00|0.00|0.00|0.00|0.00|0.00|0.00|0.00|0.00|0.00|0.00|
1N5819|7.00|9.00|1.00|0.00|0.00|1.00|0.00|0.00|0.00|0.00|0.00|0.00|0.00|0.00|0.00|
1N60|445.00|53.00|3.00|2.00|0.00|0.00|0.00|1.00|0.00|0.00|0.00|0.00|0.00|0.00|0.00|
1N914|299.00|66.00|17.00|0.00|0.00|16.00|0.00|0.00|1.00|0.00|0.00|0.00|0.00|0.00|0.00|
28C16|6.00|31.00|5.00|0.00|2.00|0.00|0.00|1.00|2.00|0.00|0.00|0.00|0.00|0.00|0.00|
28C64|24.00|1.00|1.00|0.00|0.00|1.00|0.00|0.00|0.00|0.00|0.00|0.00|0.00|0.00|0.00|
2N2222A|0.00|57.00|40.00|2.00|9.00|9.00|3.00|13.00|4.00|0.00|0.00|0.00|0.00|0.00|0.00|
2N3055|27.00|5.00|2.00|0.00|0.00|0.00|1.00|1.00|0.00|0.00|0.00|0.00|0.00|0.00|0.00|
2N3904|1038.00|81.00|36.00|1.00|7.00|14.00|9.00|3.00|2.00|0.00|0.00|0.00|0.00|0.00|0.00|
2N3906|1039.00|31.00|23.00|0.00|0.00|10.00|3.00|10.00|0.00|0.00|0.00|0.00|0.00|0.00|0.00|
2N6071|65.00|45.00|5.00|1.00|2.00|2.00|0.00|0.00|0.00|0.00|0.00|0.00|0.00|0.00|0.00|
2N6344|13.00|6.00|4.00|0.00|0.00|4.00|0.00|0.00|0.00|0.00|0.00|0.00|0.00|0.00|0.00|
4001|2.00|23.00|10.00|0.00|9.00|1.00|0.00|0.00|0.00|0.00|0.00|0.00|0.00|0.00|0.00|
40106|111.00|15.00|1.00|0.00|1.00|0.00|0.00|0.00|0.00|0.00|0.00|0.00|0.00|0.00|0.00|
4011|111.00|11.00|2.00|0.00|0.00|2.00|0.00|0.00|0.00|0.00|0.00|0.00|0.00|0.00|0.00|
4013|83.00|3.00|1.00|0.00|1.00|0.00|0.00|0.00|0.00|0.00|0.00|0.00|0.00|0.00|0.00|
4017|399.00|36.00|20.00|0.00|1.00|2.00|9.00|8.00|0.00|0.00|0.00|0.00|0.00|0.00|0.00|
4026|10.00|5.00|4.00|0.00|0.00|4.00|0.00|0.00|0.00|0.00|0.00|0.00|0.00|0.00|0.00|
4027|-1.00|10.00|4.00|0.00|0.00|0.00|3.00|0.00|1.00|0.00|0.00|0.00|0.00|0.00|0.00|
4047|0.00|1.00|1.00|0.00|0.00|0.00|0.00|0.00|1.00|0.00|0.00|0.00|0.00|0.00|0.00|
4049|25.00|7.00|4.00|0.00|4.00|0.00|0.00|0.00|0.00|0.00|0.00|0.00|0.00|0.00|0.00|
4066|45.00|8.00|1.00|0.00|1.00|0.00|0.00|0.00|0.00|0.00|0.00|0.00|0.00|0.00|0.00|
4069|129.00|8.00|4.00|0.00|1.00|0.00|0.00|0.00|3.00|0.00|0.00|0.00|0.00|0.00|0.00|
4070|108.00|2.00|9.00|0.00|0.00|0.00|6.00|1.00|2.00|0.00|0.00|0.00|0.00|0.00|0.00|
4077|43.00|8.00|2.00|0.00|0.00|0.00|0.00|0.00|2.00|0.00|0.00|0.00|0.00|0.00|0.00|
4093|86.00|9.00|2.00|0.00|0.00|0.00|0.00|2.00|0.00|0.00|0.00|0.00|0.00|0.00|0.00|
4106|0.00|14.00|1.00|0.00|0.00|0.00|0.00|1.00|0.00|0.00|0.00|0.00|0.00|0.00|0.00|
4543|7.00|14.00|1.00|0.00|0.00|0.00|0.00|1.00|0.00|0.00|0.00|0.00|0.00|0.00|0.00|
4N25|309.00|63.00|18.00|0.00|8.00|0.00|8.00|2.00|0.00|0.00|0.00|0.00|0.00|0.00|0.00|
4N27|0.00|10.00|1.00|0.00|0.00|1.00|0.00|0.00|0.00|0.00|0.00|0.00|0.00|0.00|0.00|
4N32|0.00|8.00|1.00|0.00|0.00|0.00|0.00|1.00|0.00|0.00|0.00|0.00|0.00|0.00|0.00|
6116|64.00|24.00|40.00|0.00|0.00|0.00|10.00|21.00|9.00|0.00|0.00|0.00|0.00|0.00|0.00|
6N135|0.00|0.00|1.00|0.00|0.00|0.00|0.00|1.00|0.00|0.00|0.00|0.00|0.00|0.00|0.00|
6N136|19.00|0.00|1.00|0.00|0.00|0.00|0.00|1.00|0.00|0.00|0.00|0.00|0.00|0.00|0.00|
74HC00|41.00|18.00|12.00|0.00|0.00|0.00|0.00|9.00|3.00|0.00|0.00|0.00|0.00|0.00|0.00|
74HC02|45.00|12.00|21.00|0.00|0.00|0.00|1.00|20.00|0.00|0.00|0.00|0.00|0.00|0.00|0.00|
74HC04|59.00|11.00|4.00|0.00|0.00|0.00|0.00|0.00|4.00|0.00|0.00|0.00|0.00|0.00|0.00|
74HC08|49.00|20.00|2.00|0.00|0.00|0.00|0.00|2.00|0.00|0.00|0.00|0.00|0.00|0.00|0.00|
74HC153|175.00|15.00|26.00|0.00|0.00|0.00|0.00|26.00|0.00|0.00|0.00|0.00|0.00|0.00|0.00|
74HC164|9.00|9.00|2.00|0.00|0.00|0.00|2.00|0.00|0.00|0.00|0.00|0.00|0.00|0.00|0.00|
74HC245|125.00|9.00|2.00|0.00|0.00|0.00|1.00|1.00|0.00|0.00|0.00|0.00|0.00|0.00|0.00|
74HC32|61.00|11.00|2.00|0.00|0.00|0.00|0.00|2.00|0.00|0.00|0.00|0.00|0.00|0.00|0.00|
74LS00|294.00|168.00|111.00|5.00|40.00|36.00|4.00|24.00|2.00|0.00|0.00|0.00|0.00|0.00|0.00|
74LS02|350.00|151.00|104.00|7.00|26.00|42.00|8.00|17.00|4.00|0.00|0.00|0.00|0.00|0.00|0.00|
74LS04|2026.00|72.00|296.00|22.00|87.00|92.00|33.00|40.00|20.00|2.00|0.00|0.00|0.00|0.00|0.00|
74LS07|1.00|44.00|7.00|0.00|0.00|7.00|0.00|0.00|0.00|0.00|0.00|0.00|0.00|0.00|0.00|
74LS08|1749.00|130.00|341.00|30.00|84.00|104.00|54.00|44.00|24.00|1.00|0.00|0.00|0.00|0.00|0.00|
74LS10|185.00|32.00|40.00|3.00|18.00|19.00|0.00|0.00|0.00|0.00|0.00|0.00|0.00|0.00|0.00|
74LS109|0.00|8.00|3.00|0.00|2.00|0.00|1.00|0.00|0.00|0.00|0.00|0.00|0.00|0.00|0.00|
74LS11|19.00|142.00|84.00|1.00|24.00|45.00|6.00|7.00|1.00|0.00|0.00|0.00|0.00|0.00|0.00|
74LS112|251.00|41.00|40.00|0.00|4.00|18.00|4.00|2.00|9.00|3.00|0.00|0.00|0.00|0.00|0.00|
74LS126|0.00|5.00|2.00|0.00|0.00|0.00|0.00|0.00|2.00|0.00|0.00|0.00|0.00|0.00|0.00|
74LS132|12.00|11.00|8.00|1.00|2.00|0.00|0.00|5.00|0.00|0.00|0.00|0.00|0.00|0.00|0.00|
74LS136|96.00|13.00|1.00|0.00|0.00|1.00|0.00|0.00|0.00|0.00|0.00|0.00|0.00|0.00|0.00|
74LS137|3.00|4.00|1.00|0.00|0.00|0.00|0.00|0.00|1.00|0.00|0.00|0.00|0.00|0.00|0.00|
74LS139|46.00|23.00|12.00|0.00|1.00|5.00|0.00|4.00|2.00|0.00|0.00|0.00|0.00|0.00|0.00|
74LS14|25.00|20.00|3.00|2.00|0.00|1.00|0.00|0.00|0.00|0.00|0.00|0.00|0.00|0.00|0.00|
74LS147|145.00|41.00|26.00|0.00|0.00|0.00|18.00|8.00|0.00|0.00|0.00|0.00|0.00|0.00|0.00|
74LS151|47.00|25.00|9.00|0.00|1.00|2.00|3.00|0.00|3.00|0.00|0.00|0.00|0.00|0.00|0.00|
74LS153|137.00|40.00|14.00|0.00|0.00|0.00|0.00|14.00|0.00|0.00|0.00|0.00|0.00|0.00|0.00|
74LS164|24.00|23.00|3.00|0.00|0.00|1.00|2.00|0.00|0.00|0.00|0.00|0.00|0.00|0.00|0.00|
74LS165|5.00|4.00|1.00|0.00|0.00|0.00|0.00|0.00|1.00|0.00|0.00|0.00|0.00|0.00|0.00|
74LS173|6.00|5.00|1.00|0.00|0.00|0.00|0.00|0.00|1.00|0.00|0.00|0.00|0.00|0.00|0.00|
74LS181|53.00|14.00|3.00|0.00|0.00|0.00|0.00|3.00|0.00|0.00|0.00|0.00|0.00|0.00|0.00|
74LS190|117.00|19.00|10.00|0.00|0.00|4.00|3.00|2.00|1.00|0.00|0.00|0.00|0.00|0.00|0.00|
74LS192|187.00|36.00|22.00|0.00|0.00|2.00|3.00|16.00|1.00|0.00|0.00|0.00|0.00|0.00|0.00|
74LS193|255.00|30.00|18.00|1.00|2.00|5.00|0.00|8.00|2.00|0.00|0.00|0.00|0.00|0.00|0.00|
74LS194|23.00|48.00|29.00|1.00|2.00|0.00|12.00|13.00|1.00|0.00|0.00|0.00|0.00|0.00|0.00|
74LS21|105.00|19.00|5.00|0.00|1.00|0.00|0.00|4.00|0.00|0.00|0.00|0.00|0.00|0.00|0.00|
74LS244|40.00|14.00|6.00|0.00|0.00|2.00|1.00|0.00|3.00|0.00|0.00|0.00|0.00|0.00|0.00|
74LS245|145.00|35.00|50.00|0.00|0.00|0.00|13.00|27.00|10.00|0.00|0.00|0.00|0.00|0.00|0.00|
74LS266|44.00|35.00|61.00|5.00|3.00|47.00|3.00|3.00|0.00|0.00|0.00|0.00|0.00|0.00|0.00|
74LS27|140.00|22.00|3.00|1.00|0.00|2.00|0.00|0.00|0.00|0.00|0.00|0.00|0.00|0.00|0.00|
74LS279|81.00|25.00|7.00|0.00|0.00|0.00|7.00|0.00|0.00|0.00|0.00|0.00|0.00|0.00|0.00|
74LS283|85.00|36.00|1.00|0.00|1.00|0.00|0.00|0.00|0.00|0.00|0.00|0.00|0.00|0.00|0.00|
74LS32|1320.00|76.00|317.00|30.00|84.00|107.00|45.00|37.00|12.00|2.00|0.00|0.00|0.00|0.00|0.00|
74LS47|517.00|40.00|216.00|9.00|4.00|79.00|61.00|39.00|24.00|0.00|0.00|0.00|0.00|0.00|0.00|
74LS48|134.00|85.00|48.00|8.00|0.00|26.00|10.00|4.00|0.00|0.00|0.00|0.00|0.00|0.00|0.00|
74LS73|220.00|20.00|65.00|0.00|12.00|32.00|5.00|15.00|1.00|0.00|0.00|0.00|0.00|0.00|0.00|
74LS74|42.00|26.00|56.00|1.00|7.00|32.00|11.00|5.00|0.00|0.00|0.00|0.00|0.00|0.00|0.00|
74LS75|0.00|2.00|6.00|1.00|2.00|0.00|0.00|3.00|0.00|0.00|0.00|0.00|0.00|0.00|0.00|
74LS76|328.00|16.00|85.00|2.00|7.00|38.00|15.00|23.00|0.00|0.00|0.00|0.00|0.00|0.00|0.00|
74LS83|58.00|33.00|28.00|22.00|3.00|0.00|3.00|0.00|0.00|0.00|0.00|0.00|0.00|0.00|0.00|
74LS86|281.00|99.00|153.00|9.00|49.00|76.00|13.00|3.00|3.00|0.00|0.00|0.00|0.00|0.00|0.00|
74LS90|258.00|62.00|182.00|2.00|4.00|87.00|37.00|28.00|24.00|0.00|0.00|0.00|0.00|0.00|0.00|
74LS93|272.00|54.00|38.00|1.00|5.00|17.00|3.00|10.00|2.00|0.00|0.00|0.00|0.00|0.00|0.00|
A1011|3.00|3.00|4.00|0.00|0.00|2.00|2.00|0.00|0.00|0.00|0.00|0.00|0.00|0.00|0.00|
A733|22.00|13.00|31.00|0.00|21.00|3.00|3.00|3.00|1.00|0.00|0.00|0.00|0.00|0.00|0.00|
ACRILICO15X20|0.00|0.00|1.00|0.00|0.00|1.00|0.00|0.00|0.00|0.00|0.00|0.00|0.00|0.00|0.00|
ADAP2JACKSRCA-PLUG6.3M|(null)|0.00|1.00|0.00|0.00|0.00|0.00|1.00|0.00|0.00|0.00|0.00|0.00|0.00|0.00|
ADAPDEBROCAS|0.00|0.00|1.00|0.00|0.00|0.00|0.00|0.00|1.00|0.00|0.00|0.00|0.00|0.00|0.00|
ADC0804|6.00|3.00|2.00|0.00|0.00|0.00|0.00|1.00|1.00|0.00|0.00|0.00|0.00|0.00|0.00|
ALAMBRE2|356.00|271.00|1637.00|191.00|329.00|398.00|251.00|344.00|121.00|3.00|0.00|0.00|0.00|0.00|0.00|
ALCOHOLISOPROPOLICO|22.00|5.00|2.00|0.00|1.00|1.00|0.00|0.00|0.00|0.00|0.00|0.00|0.00|0.00|0.00|
APAGADOR|109.00|3.00|1.00|0.00|0.00|0.00|0.00|0.00|0.00|1.00|0.00|0.00|0.00|0.00|0.00|
APAGADORESCALERA|14.00|10.00|1.00|0.00|0.00|0.00|1.00|0.00|0.00|0.00|0.00|0.00|0.00|0.00|0.00|
ARDUINO-NANO|36.00|5.00|2.00|0.00|0.00|0.00|1.00|0.00|1.00|0.00|0.00|0.00|0.00|0.00|0.00|
ARDUINO-UNO|116.00|6.00|20.00|4.00|1.00|2.00|4.00|8.00|1.00|0.00|0.00|0.00|0.00|0.00|0.00|
BANANAESCALABLE-N|0.00|49.00|6.00|2.00|4.00|0.00|0.00|0.00|0.00|0.00|0.00|0.00|0.00|0.00|0.00|
BANANAESCALABLE-R|0.00|43.00|11.00|2.00|9.00|0.00|0.00|0.00|0.00|0.00|0.00|0.00|0.00|0.00|0.00|
BANANATN|772.00|114.00|11.00|4.00|3.00|3.00|1.00|0.00|0.00|0.00|0.00|0.00|0.00|0.00|0.00|
BANANATR|1133.00|141.00|11.00|4.00|3.00|3.00|1.00|0.00|0.00|0.00|0.00|0.00|0.00|0.00|0.00|
BANANEGRO|(null)|22.00|28.00|8.00|5.00|10.00|0.00|0.00|5.00|0.00|0.00|0.00|0.00|0.00|0.00|
BANAROJO|(null)|10.00|23.00|8.00|5.00|10.00|0.00|0.00|0.00|0.00|0.00|0.00|0.00|0.00|0.00|
BANDA85|8.00|0.00|2.00|0.00|0.00|0.00|0.00|2.00|0.00|0.00|0.00|0.00|0.00|0.00|0.00|
BANDADENTADAMED|0.00|2.00|1.00|0.00|0.00|0.00|1.00|0.00|0.00|0.00|0.00|0.00|0.00|0.00|0.00|
BARRALEDS-R10|145.00|23.00|1.00|0.00|1.00|0.00|0.00|0.00|0.00|0.00|0.00|0.00|0.00|0.00|0.00|
BAS14P|812.00|146.00|664.00|0.00|11.00|141.00|383.00|105.00|14.00|10.00|0.00|0.00|0.00|0.00|0.00|
BAS16P|529.00|300.00|207.00|1.00|0.00|51.00|65.00|79.00|6.00|5.00|0.00|0.00|0.00|0.00|0.00|
BAS18P|1.00|61.00|32.00|0.00|0.00|12.00|4.00|14.00|2.00|0.00|0.00|0.00|0.00|0.00|0.00|
BAS24P|1.00|15.00|11.00|0.00|0.00|0.00|4.00|7.00|0.00|0.00|0.00|0.00|0.00|0.00|0.00|
BAS28DEL|28.00|0.00|41.00|0.00|0.00|4.00|5.00|30.00|2.00|0.00|0.00|0.00|0.00|0.00|0.00|
BAS28P|1.00|1.00|9.00|0.00|0.00|0.00|1.00|8.00|0.00|0.00|0.00|0.00|0.00|0.00|0.00|
BAS40P|17.00|0.00|20.00|0.00|4.00|10.00|3.00|2.00|1.00|0.00|0.00|0.00|0.00|0.00|0.00|
BAS6P|1.00|37.00|53.00|0.00|5.00|8.00|39.00|0.00|1.00|0.00|0.00|0.00|0.00|0.00|0.00|
BAS8P|995.00|20.00|453.00|0.00|7.00|80.00|221.00|133.00|2.00|10.00|0.00|0.00|0.00|0.00|0.00|
BASECAUTIN|23.00|2.00|7.00|1.00|4.00|0.00|1.00|1.00|0.00|0.00|0.00|0.00|0.00|0.00|0.00|
BASESIGUELINEAS|18.00|0.00|2.00|0.00|1.00|0.00|0.00|1.00|0.00|0.00|0.00|0.00|0.00|0.00|0.00|
BASEZIF40|99.00|3.00|1.00|0.00|0.00|1.00|0.00|0.00|0.00|0.00|0.00|0.00|0.00|0.00|0.00|
BC327A|1579.00|17.00|4.00|0.00|0.00|0.00|0.00|4.00|0.00|0.00|0.00|0.00|0.00|0.00|0.00|
BC547A|4146.00|77.00|36.00|0.00|8.00|5.00|18.00|5.00|0.00|0.00|0.00|0.00|0.00|0.00|0.00|
BC547B|4120.00|92.00|121.00|0.00|25.00|36.00|11.00|13.00|36.00|0.00|0.00|0.00|0.00|0.00|0.00|
BC547C|2773.00|4.00|2.00|0.00|0.00|1.00|0.00|1.00|0.00|0.00|0.00|0.00|0.00|0.00|0.00|
BC548A|0.00|7.00|10.00|0.00|1.00|5.00|2.00|0.00|2.00|0.00|0.00|0.00|0.00|0.00|0.00|
BC548B|905.00|124.00|207.00|13.00|10.00|45.00|49.00|78.00|12.00|0.00|0.00|0.00|0.00|0.00|0.00|
BC556|(null)|7.00|2.00|0.00|0.00|0.00|2.00|0.00|0.00|0.00|0.00|0.00|0.00|0.00|0.00|
BC557A|3056.00|48.00|16.00|0.00|0.00|3.00|1.00|9.00|3.00|0.00|0.00|0.00|0.00|0.00|0.00|
BC557B|3490.00|83.00|39.00|0.00|14.00|18.00|4.00|3.00|0.00|0.00|0.00|0.00|0.00|0.00|0.00|
BC557C|3704.00|24.00|2.00|0.00|0.00|1.00|0.00|1.00|0.00|0.00|0.00|0.00|0.00|0.00|0.00|
BC558A|0.00|0.00|1.00|0.00|0.00|1.00|0.00|0.00|0.00|0.00|0.00|0.00|0.00|0.00|0.00|
BC558B|251.00|108.00|51.00|7.00|9.00|22.00|10.00|3.00|0.00|0.00|0.00|0.00|0.00|0.00|0.00|
BD135|143.00|21.00|14.00|0.00|2.00|2.00|6.00|4.00|0.00|0.00|0.00|0.00|0.00|0.00|0.00|
BD136|102.00|23.00|1.00|0.00|1.00|0.00|0.00|0.00|0.00|0.00|0.00|0.00|0.00|0.00|0.00|
BD137|26.00|13.00|33.00|0.00|5.00|3.00|3.00|22.00|0.00|0.00|0.00|0.00|0.00|0.00|0.00|
BD139|8.00|3.00|18.00|0.00|1.00|3.00|1.00|13.00|0.00|0.00|0.00|0.00|0.00|0.00|0.00|
BD140|31.00|3.00|10.00|0.00|2.00|3.00|0.00|5.00|0.00|0.00|0.00|0.00|0.00|0.00|0.00|
BLOCK-A3|0.00|0.00|8.00|2.00|4.00|0.00|0.00|2.00|0.00|0.00|0.00|0.00|0.00|0.00|0.00|
BLOCK-A4|0.00|2.00|3.00|2.00|1.00|0.00|0.00|0.00|0.00|0.00|0.00|0.00|0.00|0.00|0.00|
BLUETOOTH-HC05|118.00|6.00|6.00|0.00|0.00|1.00|1.00|2.00|1.00|1.00|0.00|0.00|0.00|0.00|0.00|
BLUETOOTH-HC06|12.00|1.00|1.00|0.00|0.00|0.00|0.00|1.00|0.00|0.00|0.00|0.00|0.00|0.00|0.00|
BOBINA10µH|68.00|7.00|3.00|0.00|0.00|3.00|0.00|0.00|0.00|0.00|0.00|0.00|0.00|0.00|0.00|
BOBINA47µH|13.00|3.00|1.00|0.00|0.00|1.00|0.00|0.00|0.00|0.00|0.00|0.00|0.00|0.00|0.00|
BOBINATESLA|0.00|0.00|3.00|0.00|0.00|1.00|2.00|0.00|0.00|0.00|0.00|0.00|0.00|0.00|0.00|
BOCINA1.5W|0.00|3.00|21.00|0.00|4.00|12.00|0.00|5.00|0.00|0.00|0.00|0.00|0.00|0.00|0.00|
BOMBADEAGUA|112.00|2.00|1.00|0.00|0.00|0.00|0.00|1.00|0.00|0.00|0.00|0.00|0.00|0.00|0.00|
BORNEAMA|(null)|0.00|200.00|0.00|0.00|0.00|0.00|200.00|0.00|0.00|0.00|0.00|0.00|0.00|0.00|
BORNEAZUL|(null)|0.00|200.00|0.00|0.00|0.00|0.00|200.00|0.00|0.00|0.00|0.00|0.00|0.00|0.00|
BORNECHI-NEGRO|353.00|75.00|237.00|2.00|13.00|0.00|13.00|208.00|0.00|1.00|0.00|0.00|0.00|0.00|0.00|
BORNECHI-ROJO|269.00|79.00|258.00|2.00|13.00|0.00|29.00|213.00|0.00|1.00|0.00|0.00|0.00|0.00|0.00|
BORNEGDE-NEGRO|0.00|0.00|7.00|0.00|3.00|0.00|0.00|3.00|0.00|1.00|0.00|0.00|0.00|0.00|0.00|
BORNEGDE-ROJO|0.00|0.00|6.00|0.00|2.00|0.00|0.00|3.00|0.00|1.00|0.00|0.00|0.00|0.00|0.00|
BORNEVER|0.00|0.00|200.00|0.00|0.00|0.00|0.00|200.00|0.00|0.00|0.00|0.00|0.00|0.00|0.00|
BRACKETS-PAR|12.00|4.00|1.00|0.00|0.00|0.00|0.00|1.00|0.00|0.00|0.00|0.00|0.00|0.00|0.00|
BROCA1/16|110.00|6.00|25.00|1.00|3.00|6.00|9.00|5.00|1.00|0.00|0.00|0.00|0.00|0.00|0.00|
BROCA1/32|33.00|31.00|257.00|1.00|53.00|48.00|71.00|73.00|11.00|0.00|0.00|0.00|0.00|0.00|0.00|
BROCA3/64|66.00|29.00|82.00|1.00|14.00|12.00|22.00|31.00|2.00|0.00|0.00|0.00|0.00|0.00|0.00|
BROCHEPILA|669.00|44.00|100.00|13.00|21.00|11.00|6.00|33.00|15.00|1.00|0.00|0.00|0.00|0.00|0.00|
BT136|64.00|14.00|2.00|0.00|1.00|1.00|0.00|0.00|0.00|0.00|0.00|0.00|0.00|0.00|0.00|
BT137|15.00|52.00|5.00|0.00|0.00|1.00|2.00|2.00|0.00|0.00|0.00|0.00|0.00|0.00|0.00|
BT151|46.00|8.00|3.00|0.00|1.00|0.00|2.00|0.00|0.00|0.00|0.00|0.00|0.00|0.00|0.00|
BTA24|9.00|11.00|1.00|0.00|0.00|0.00|0.00|0.00|1.00|0.00|0.00|0.00|0.00|0.00|0.00|
C106D|482.00|21.00|27.00|9.00|4.00|6.00|4.00|2.00|2.00|0.00|0.00|0.00|0.00|0.00|0.00|
C2073|3.00|8.00|4.00|0.00|0.00|2.00|2.00|0.00|0.00|0.00|0.00|0.00|0.00|0.00|0.00|
C945|269.00|31.00|48.00|0.00|26.00|12.00|6.00|2.00|2.00|0.00|0.00|0.00|0.00|0.00|0.00|
CABLE22N|311.50|17.00|44.00|7.00|0.00|9.00|0.00|22.00|6.00|0.00|0.00|0.00|0.00|0.00|0.00|
CABLE22R|358.00|2.00|16.00|7.00|0.00|0.00|0.00|7.00|2.00|0.00|0.00|0.00|0.00|0.00|0.00|
CABLEAWG12NEGRO|183.20|100.00|2.00|0.00|0.00|0.00|0.00|2.00|0.00|0.00|0.00|0.00|0.00|0.00|0.00|
CABLEAWG12ROJO|99.00|100.00|2.50|0.00|1.00|0.00|0.00|1.50|0.00|0.00|0.00|0.00|0.00|0.00|0.00|
CABLEAWG14ROJO|165.50|96.00|2.00|0.00|1.00|0.00|0.00|1.00|0.00|0.00|0.00|0.00|0.00|0.00|0.00|
CABLEAWG16NEGRO|0.00|0.00|4.00|3.00|0.00|0.00|0.00|1.00|0.00|0.00|0.00|0.00|0.00|0.00|0.00|
CABLEAWG16ROJO|0.00|0.00|15.00|0.00|6.00|2.00|1.00|6.00|0.00|0.00|0.00|0.00|0.00|0.00|0.00|
CABLEAWG18NEGRO|92.50|99.00|1.00|0.00|1.00|0.00|0.00|0.00|0.00|0.00|0.00|0.00|0.00|0.00|0.00|
CABLEAWG18ROJO|98.00|99.00|12.00|0.00|2.00|1.00|0.00|9.00|0.00|0.00|0.00|0.00|0.00|0.00|0.00|
CABLEDUPLEX18|28.00|16.00|28.00|0.00|1.00|20.00|6.00|1.00|0.00|0.00|0.00|0.00|0.00|0.00|0.00|
CABLEPOT14|(null)|48.50|13.00|3.00|0.00|0.00|9.50|0.50|0.00|0.00|0.00|0.00|0.00|0.00|0.00|
CABLEUSB-ARDUINO|(null)|0.00|1.00|0.00|0.00|1.00|0.00|0.00|0.00|0.00|0.00|0.00|0.00|0.00|0.00|
CABLEUSB-MICROUSB|12.00|2.00|2.00|0.00|2.00|0.00|0.00|0.00|0.00|0.00|0.00|0.00|0.00|0.00|0.00|
CABLEUSB-MINI|31.00|0.00|2.00|1.00|1.00|0.00|0.00|0.00|0.00|0.00|0.00|0.00|0.00|0.00|0.00|
CABLEUSB/TTL|25.00|0.00|1.00|0.00|0.00|0.00|1.00|0.00|0.00|0.00|0.00|0.00|0.00|0.00|0.00|
CABLEUTP|1165.00|34.00|156.50|17.00|75.00|29.50|16.00|15.00|4.00|0.00|0.00|0.00|0.00|0.00|0.00|
CABLEUTPCAT6|305.00|5.00|6.00|0.00|6.00|0.00|0.00|0.00|0.00|0.00|0.00|0.00|0.00|0.00|0.00|
CAIMANEGRO|77.00|34.00|3.00|0.00|1.00|0.00|0.00|1.00|1.00|0.00|0.00|0.00|0.00|0.00|0.00|
CAIMANGDENE|420.00|10.00|2.00|0.00|0.00|1.00|1.00|0.00|0.00|0.00|0.00|0.00|0.00|0.00|0.00|
CAIMANGDERO|347.00|0.00|6.00|0.00|0.00|5.00|1.00|0.00|0.00|0.00|0.00|0.00|0.00|0.00|0.00|
CAIMAROJO|25.00|32.00|4.00|0.00|3.00|0.00|0.00|0.00|1.00|0.00|0.00|0.00|0.00|0.00|0.00|
CAJADEARDUINO-UNO|0.00|0.00|1.00|0.00|0.00|1.00|0.00|0.00|0.00|0.00|0.00|0.00|0.00|0.00|0.00|
CAJAPRETUL14-ROSA|4.00|2.00|1.00|0.00|0.00|0.00|0.00|1.00|0.00|0.00|0.00|0.00|0.00|0.00|0.00|
CALAVERA-MET|0.00|0.00|1.00|1.00|0.00|0.00|0.00|0.00|0.00|0.00|0.00|0.00|0.00|0.00|0.00|
CANDADO25MM|4.00|3.00|4.00|0.00|0.00|2.00|0.00|2.00|0.00|0.00|0.00|0.00|0.00|0.00|0.00|
CAUTIN-40W|32.00|2.00|14.00|0.00|4.00|2.00|5.00|1.00|2.00|0.00|0.00|0.00|0.00|0.00|0.00|
CAUTIN-AM|8.00|5.00|6.00|0.00|1.00|0.00|2.00|3.00|0.00|0.00|0.00|0.00|0.00|0.00|0.00|
CC0.001µf|132.00|26.00|17.00|4.00|0.00|6.00|5.00|2.00|0.00|0.00|0.00|0.00|0.00|0.00|0.00|
CC0.0022µf|92.00|97.00|1.00|0.00|0.00|0.00|0.00|1.00|0.00|0.00|0.00|0.00|0.00|0.00|0.00|
CC0.01µf|5041.00|107.00|99.00|8.00|15.00|6.00|28.00|42.00|0.00|0.00|0.00|0.00|0.00|0.00|0.00|
CC0.022µf|556.00|90.00|4.00|2.00|0.00|0.00|1.00|1.00|0.00|0.00|0.00|0.00|0.00|0.00|0.00|
CC0.047µf|418.00|197.00|17.00|0.00|0.00|1.00|12.00|3.00|1.00|0.00|0.00|0.00|0.00|0.00|0.00|
CC0.1µf|6954.00|45.00|279.00|11.00|68.00|37.00|53.00|86.00|24.00|0.00|0.00|0.00|0.00|0.00|0.00|
CC0.22µf|293.00|60.00|34.00|3.00|0.00|0.00|9.00|19.00|3.00|0.00|0.00|0.00|0.00|0.00|0.00|
CC100pf|37.00|45.00|19.00|0.00|3.00|2.00|6.00|5.00|3.00|0.00|0.00|0.00|0.00|0.00|0.00|
CC10pf|219.00|33.00|21.00|0.00|2.00|1.00|13.00|5.00|0.00|0.00|0.00|0.00|0.00|0.00|0.00|
CC12pf|565.00|30.00|2.00|0.00|0.00|0.00|0.00|2.00|0.00|0.00|0.00|0.00|0.00|0.00|0.00|
CC15pf|623.00|0.00|1.00|0.00|0.00|0.00|0.00|0.00|1.00|0.00|0.00|0.00|0.00|0.00|0.00|
CC22pf|1521.00|31.00|51.00|0.00|11.00|14.00|13.00|2.00|9.00|2.00|0.00|0.00|0.00|0.00|0.00|
CC33pf|283.00|29.00|3.00|0.00|0.00|0.00|3.00|0.00|0.00|0.00|0.00|0.00|0.00|0.00|0.00|
CC470pf|226.00|22.00|1.00|0.00|0.00|0.00|0.00|0.00|1.00|0.00|0.00|0.00|0.00|0.00|0.00|
CC47pf|43.00|38.00|1.00|0.00|0.00|0.00|1.00|0.00|0.00|0.00|0.00|0.00|0.00|0.00|0.00|
CC68pf|0.00|10.00|2.00|0.00|0.00|0.00|0.00|0.00|0.00|2.00|0.00|0.00|0.00|0.00|0.00|
CE0.1µf/50V|84.00|0.00|36.00|6.00|2.00|0.00|28.00|0.00|0.00|0.00|0.00|0.00|0.00|0.00|0.00|
CE0.33µf/50V|0.00|0.00|1.00|0.00|0.00|0.00|1.00|0.00|0.00|0.00|0.00|0.00|0.00|0.00|0.00|
CE0.47µf/50V|110.00|39.00|7.00|0.00|0.00|1.00|3.00|3.00|0.00|0.00|0.00|0.00|0.00|0.00|0.00|
CE10,000µf/50V|0.00|1.00|1.00|0.00|0.00|0.00|0.00|1.00|0.00|0.00|0.00|0.00|0.00|0.00|0.00|
CE1000µf/100V|1.00|6.00|1.00|0.00|0.00|0.00|0.00|1.00|0.00|0.00|0.00|0.00|0.00|0.00|0.00|
CE1000µf/25V|116.00|43.00|46.00|0.00|12.00|12.00|11.00|10.00|1.00|0.00|0.00|0.00|0.00|0.00|0.00|
CE1000µf/50V|262.00|18.00|58.00|13.00|13.00|11.00|1.00|11.00|9.00|0.00|0.00|0.00|0.00|0.00|0.00|
CE100µf/25V|109.00|11.00|82.00|7.00|10.00|5.00|33.00|21.00|5.00|1.00|0.00|0.00|0.00|0.00|0.00|
CE100µf/50V|222.00|18.00|196.00|6.00|48.00|32.00|30.00|65.00|15.00|0.00|0.00|0.00|0.00|0.00|0.00|
CE10µf/250V|0.00|4.00|2.00|0.00|0.00|0.00|0.00|1.00|1.00|0.00|0.00|0.00|0.00|0.00|0.00|
CE10µf/50V|197.00|1.00|203.00|13.00|16.00|23.00|34.00|94.00|23.00|0.00|0.00|0.00|0.00|0.00|0.00|
CE1200µf/25V|0.00|0.00|3.00|0.00|1.00|0.00|2.00|0.00|0.00|0.00|0.00|0.00|0.00|0.00|0.00|
CE1200µf/35V|0.00|0.00|1.00|0.00|0.00|1.00|0.00|0.00|0.00|0.00|0.00|0.00|0.00|0.00|0.00|
CE15µf/50V|8.00|1.00|3.00|0.00|0.00|0.00|1.00|2.00|0.00|0.00|0.00|0.00|0.00|0.00|0.00|
CE1µf/50V|1895.00|85.00|64.00|0.00|11.00|6.00|19.00|27.00|1.00|0.00|0.00|0.00|0.00|0.00|0.00|
CE1µf/50V-MS|0.00|0.00|1.00|0.00|0.00|1.00|0.00|0.00|0.00|0.00|0.00|0.00|0.00|0.00|0.00|
CE2.2µf/50V|179.00|64.00|2.00|0.00|0.00|0.00|0.00|2.00|0.00|0.00|0.00|0.00|0.00|0.00|0.00|
CE2200µf/25V|200.00|34.00|31.00|0.00|6.00|7.00|12.00|6.00|0.00|0.00|0.00|0.00|0.00|0.00|0.00|
CE2200µf/50V|90.00|10.00|35.00|3.00|15.00|2.00|4.00|11.00|0.00|0.00|0.00|0.00|0.00|0.00|0.00|
CE2200µf/63V|0.00|9.00|1.00|0.00|0.00|0.00|0.00|1.00|0.00|0.00|0.00|0.00|0.00|0.00|0.00|
CE220µf/25V|43.00|32.00|13.00|0.00|6.00|0.00|6.00|1.00|0.00|0.00|0.00|0.00|0.00|0.00|0.00|
CE220µf/50V|236.00|26.00|76.00|11.00|29.00|1.00|12.00|11.00|12.00|0.00|0.00|0.00|0.00|0.00|0.00|
CE22µf/250V|36.00|17.00|23.00|0.00|0.00|0.00|0.00|21.00|2.00|0.00|0.00|0.00|0.00|0.00|0.00|
CE22µf/50V|662.00|13.00|37.00|0.00|4.00|3.00|6.00|22.00|2.00|0.00|0.00|0.00|0.00|0.00|0.00|
CE3.3µf/50V|50.00|7.00|4.00|0.00|0.00|0.00|0.00|4.00|0.00|0.00|0.00|0.00|0.00|0.00|0.00|
CE3.3µf/63V|0.00|0.00|3.00|0.00|0.00|2.00|1.00|0.00|0.00|0.00|0.00|0.00|0.00|0.00|0.00|
CE3300µf/25V|98.00|39.00|9.00|0.00|4.00|0.00|2.00|3.00|0.00|0.00|0.00|0.00|0.00|0.00|0.00|
CE3300µf/63V|9.00|2.00|1.00|0.00|0.00|0.00|0.00|1.00|0.00|0.00|0.00|0.00|0.00|0.00|0.00|
CE330µf/25V|120.00|7.00|1.00|0.00|0.00|0.00|1.00|0.00|0.00|0.00|0.00|0.00|0.00|0.00|0.00|
CE330µf/50V|103.00|3.00|6.00|0.00|2.00|3.00|1.00|0.00|0.00|0.00|0.00|0.00|0.00|0.00|0.00|
CE33µf/63V|0.00|40.00|6.00|0.00|0.00|0.00|1.00|5.00|0.00|0.00|0.00|0.00|0.00|0.00|0.00|
CE4.7µf/250V|4.00|2.00|1.00|0.00|0.00|0.00|0.00|0.00|1.00|0.00|0.00|0.00|0.00|0.00|0.00|
CE4.7µf/50V|200.00|70.00|39.00|0.00|23.00|9.00|1.00|2.00|4.00|0.00|0.00|0.00|0.00|0.00|0.00|
CE4700µf/16V|0.00|0.00|7.00|0.00|0.00|7.00|0.00|0.00|0.00|0.00|0.00|0.00|0.00|0.00|0.00|
CE4700µf/25V|64.00|25.00|19.00|0.00|6.00|6.00|1.00|6.00|0.00|0.00|0.00|0.00|0.00|0.00|0.00|
CE4700µf/50V|29.00|16.00|10.00|0.00|4.00|1.00|0.00|5.00|0.00|0.00|0.00|0.00|0.00|0.00|0.00|
CE470µf/25V|80.00|20.00|11.00|7.00|0.00|0.00|3.00|0.00|1.00|0.00|0.00|0.00|0.00|0.00|0.00|
CE470µf/50V|198.00|19.00|4.00|1.00|0.00|2.00|0.00|1.00|0.00|0.00|0.00|0.00|0.00|0.00|0.00|
CE47µf/250V|21.00|2.00|1.00|0.00|0.00|0.00|0.00|1.00|0.00|0.00|0.00|0.00|0.00|0.00|0.00|
CE47µf/25V|79.00|21.00|29.00|0.00|6.00|1.00|11.00|9.00|0.00|2.00|0.00|0.00|0.00|0.00|0.00|
CE47µf/25V-MS|20.00|0.00|1.00|0.00|0.00|1.00|0.00|0.00|0.00|0.00|0.00|0.00|0.00|0.00|0.00|
CE47µf/50V|32.00|47.00|31.00|0.00|7.00|10.00|4.00|5.00|5.00|0.00|0.00|0.00|0.00|0.00|0.00|
CE680µf/25V|143.00|49.00|1.00|0.00|1.00|0.00|0.00|0.00|0.00|0.00|0.00|0.00|0.00|0.00|0.00|
CELDA12V100MA|7.00|2.00|1.00|0.00|0.00|0.00|0.00|0.00|1.00|0.00|0.00|0.00|0.00|0.00|0.00|
CELDA5V100MA|26.00|1.00|7.00|0.00|0.00|0.00|0.00|6.00|1.00|0.00|0.00|0.00|0.00|0.00|0.00|
CELDA5V300MA|0.00|0.00|4.00|0.00|0.00|0.00|0.00|4.00|0.00|0.00|0.00|0.00|0.00|0.00|0.00|
CELDA6V100MA|0.00|0.00|3.00|0.00|0.00|0.00|2.00|1.00|0.00|0.00|0.00|0.00|0.00|0.00|0.00|
CELDADECARGA10K|14.00|2.00|1.00|0.00|0.00|0.00|0.00|1.00|0.00|0.00|0.00|0.00|0.00|0.00|0.00|
CHASISNEGROGDE|12.00|0.00|2.00|0.00|0.00|0.00|1.00|1.00|0.00|0.00|0.00|0.00|0.00|0.00|0.00|
CHASISNEGROMED|39.00|0.00|2.00|1.00|0.00|0.00|0.00|1.00|0.00|0.00|0.00|0.00|0.00|0.00|0.00|
CINTADEAISLAR-N|51.00|3.00|19.00|5.00|4.00|2.00|1.00|6.00|1.00|0.00|0.00|0.00|0.00|0.00|0.00|
CINTADEAISLAR-R|0.00|0.00|1.00|1.00|0.00|0.00|0.00|0.00|0.00|0.00|0.00|0.00|0.00|0.00|0.00|
CLAVIJA|5.00|9.00|24.00|0.00|13.00|4.00|1.00|4.00|1.00|1.00|0.00|0.00|0.00|0.00|0.00|
CLAVIJABLA|340.00|45.00|4.00|1.00|0.00|0.00|3.00|0.00|0.00|0.00|0.00|0.00|0.00|0.00|0.00|
CLORURO250|29.00|10.00|105.00|1.00|25.00|10.00|33.00|30.00|6.00|0.00|0.00|0.00|0.00|0.00|0.00|
CM0.33µf/50V|62.00|15.00|18.00|0.00|0.00|0.00|9.00|6.00|3.00|0.00|0.00|0.00|0.00|0.00|0.00|
CNY70|8.00|43.00|38.00|2.00|11.00|3.00|3.00|16.00|3.00|0.00|0.00|0.00|0.00|0.00|0.00|
COAXIALRG58|92.00|40.00|1.00|0.00|1.00|0.00|0.00|0.00|0.00|0.00|0.00|0.00|0.00|0.00|0.00|
CON2TORNILLOS|1974.00|33.00|792.00|7.00|166.00|144.00|177.00|242.00|55.00|1.00|0.00|0.00|0.00|0.00|0.00|
CON3TORNILLOS|496.00|21.00|125.00|0.00|6.00|9.00|37.00|60.00|13.00|0.00|0.00|0.00|0.00|0.00|0.00|
CONBNC/RG58|(null)|13.00|7.00|0.00|7.00|0.00|0.00|0.00|0.00|0.00|0.00|0.00|0.00|0.00|0.00|
CONCHADB-9|73.00|8.00|1.00|0.00|0.00|0.00|0.00|0.00|1.00|0.00|0.00|0.00|0.00|0.00|0.00|
CONDB-9H|85.00|11.00|3.00|0.00|0.00|0.00|0.00|0.00|1.00|2.00|0.00|0.00|0.00|0.00|0.00|
CONMICROUSBHEM|16.00|0.00|3.00|0.00|3.00|0.00|0.00|0.00|0.00|0.00|0.00|0.00|0.00|0.00|0.00|
CONMINIUSBHEM|58.00|1.00|3.00|0.00|3.00|0.00|0.00|0.00|0.00|0.00|0.00|0.00|0.00|0.00|0.00|
CONRJ-45|2030.00|443.00|176.00|0.00|95.00|52.00|17.00|8.00|4.00|0.00|0.00|0.00|0.00|0.00|0.00|
COPLE-RJ45|7.00|10.00|7.00|0.00|7.00|0.00|0.00|0.00|0.00|0.00|0.00|0.00|0.00|0.00|0.00|
CP0.0015µf|16.00|7.00|2.00|0.00|0.00|0.00|2.00|0.00|0.00|0.00|0.00|0.00|0.00|0.00|0.00|
CP0.01µf/100V|0.00|49.00|1.00|0.00|0.00|1.00|0.00|0.00|0.00|0.00|0.00|0.00|0.00|0.00|0.00|
CP0.082µf/630V|(null)|8.00|2.00|0.00|0.00|0.00|2.00|0.00|0.00|0.00|0.00|0.00|0.00|0.00|0.00|
CP0.15µf/250V|0.00|0.00|2.00|0.00|0.00|0.00|0.00|0.00|2.00|0.00|0.00|0.00|0.00|0.00|0.00|
CP0.1µf/100V|263.00|13.00|6.00|1.00|2.00|0.00|2.00|1.00|0.00|0.00|0.00|0.00|0.00|0.00|0.00|
CP0.1µf/250V|17.00|20.00|3.00|0.00|3.00|0.00|0.00|0.00|0.00|0.00|0.00|0.00|0.00|0.00|0.00|
CP0.1µf/400V|0.00|3.00|6.00|0.00|6.00|0.00|0.00|0.00|0.00|0.00|0.00|0.00|0.00|0.00|0.00|
CP0.1µf/630V|0.00|2.00|0.00|0.00|0.00|0.00|0.00|0.00|0.00|0.00|0.00|0.00|0.00|0.00|0.00|
CP0.22µf/100V|28.00|7.00|1.00|1.00|0.00|0.00|0.00|0.00|0.00|0.00|0.00|0.00|0.00|0.00|0.00|
CP0.22µf/250V|9.00|8.00|1.00|0.00|0.00|0.00|0.00|1.00|0.00|0.00|0.00|0.00|0.00|0.00|0.00|
CP0.47µf/250V|0.00|14.00|3.00|0.00|0.00|2.00|0.00|0.00|1.00|0.00|0.00|0.00|0.00|0.00|0.00|
CP0.56µf/400V|0.00|10.00|1.00|1.00|0.00|0.00|0.00|0.00|0.00|0.00|0.00|0.00|0.00|0.00|0.00|
CP1µf/250V|184.00|10.00|4.00|0.00|0.00|0.00|0.00|4.00|0.00|0.00|0.00|0.00|0.00|0.00|0.00|
CP1µf/400V|1.00|11.00|1.00|0.00|0.00|0.00|1.00|0.00|0.00|0.00|0.00|0.00|0.00|0.00|0.00|
CP2.2µf/100V|0.00|8.00|1.00|0.00|0.00|0.00|0.00|1.00|0.00|0.00|0.00|0.00|0.00|0.00|0.00|
CP2.2µf/250V|73.00|14.00|2.00|0.00|0.00|0.00|2.00|0.00|0.00|0.00|0.00|0.00|0.00|0.00|0.00|
CPLANO26|0.00|0.00|5.00|0.00|0.00|0.00|0.00|5.00|0.00|0.00|0.00|0.00|0.00|0.00|0.00|
CRIS16MHZ|14.00|2.00|3.00|0.00|0.00|0.00|0.00|1.00|2.00|0.00|0.00|0.00|0.00|0.00|0.00|
CRIS20MHZ|123.00|4.00|6.00|0.00|1.00|3.00|0.00|1.00|1.00|0.00|0.00|0.00|0.00|0.00|0.00|
CRIS4MHZ|100.00|11.00|12.00|0.00|1.00|7.00|0.00|1.00|1.00|2.00|0.00|0.00|0.00|0.00|0.00|
CUBIERTARJ-45|241.00|47.00|27.00|0.00|25.00|2.00|0.00|0.00|0.00|0.00|0.00|0.00|0.00|0.00|0.00|
DAC0800|152.00|1.00|1.00|0.00|0.00|0.00|0.00|1.00|0.00|0.00|0.00|0.00|0.00|0.00|0.00|
DB3|154.00|65.00|3.00|0.00|0.00|0.00|2.00|0.00|1.00|0.00|0.00|0.00|0.00|0.00|0.00|
DESMINIPLANO|0.00|5.00|1.00|0.00|0.00|1.00|0.00|0.00|0.00|0.00|0.00|0.00|0.00|0.00|0.00|
DIP10INT|0.00|0.00|4.00|0.00|0.00|0.00|4.00|0.00|0.00|0.00|0.00|0.00|0.00|0.00|0.00|
DIP10INTCI|34.00|22.00|27.00|3.00|5.00|2.00|13.00|3.00|0.00|1.00|0.00|0.00|0.00|0.00|0.00|
DIP1INTCI|936.00|11.00|3.00|0.00|0.00|0.00|2.00|0.00|1.00|0.00|0.00|0.00|0.00|0.00|0.00|
DIP2INTCI|555.00|86.00|18.00|2.00|8.00|8.00|0.00|0.00|0.00|0.00|0.00|0.00|0.00|0.00|0.00|
DIP4INT|0.00|20.00|8.00|0.00|0.00|3.00|4.00|0.00|0.00|1.00|0.00|0.00|0.00|0.00|0.00|
DIP4INTCI|1332.00|33.00|169.00|11.00|36.00|28.00|63.00|24.00|6.00|1.00|0.00|0.00|0.00|0.00|0.00|
DIP6INT|0.00|0.00|2.00|0.00|0.00|0.00|1.00|0.00|1.00|0.00|0.00|0.00|0.00|0.00|0.00|
DIP6INTCI|510.00|25.00|18.00|1.00|3.00|2.00|2.00|8.00|2.00|0.00|0.00|0.00|0.00|0.00|0.00|
DIP8INTCI|2668.00|77.00|180.00|32.00|54.00|17.00|27.00|35.00|12.00|3.00|0.00|0.00|0.00|0.00|0.00|
DISAC2|0.00|4.00|1.00|0.00|0.00|0.00|0.00|1.00|0.00|0.00|0.00|0.00|0.00|0.00|0.00|
DISAC4|301.00|8.00|1.00|0.00|0.00|0.00|0.00|1.00|0.00|0.00|0.00|0.00|0.00|0.00|0.00|
DISACS|1065.00|158.00|199.00|3.00|6.00|65.00|63.00|55.00|5.00|2.00|0.00|0.00|0.00|0.00|0.00|
DISACSV|798.00|0.00|1.00|0.00|0.00|1.00|0.00|0.00|0.00|0.00|0.00|0.00|0.00|0.00|0.00|
DISCC4|8.00|18.00|1.00|0.00|0.00|1.00|0.00|0.00|0.00|0.00|0.00|0.00|0.00|0.00|0.00|
DISCCS|828.00|32.00|138.00|3.00|8.00|23.00|58.00|9.00|37.00|0.00|0.00|0.00|0.00|0.00|0.00|
DISIPADOR-TO220|258.00|13.00|55.00|0.00|10.00|3.00|7.00|35.00|0.00|0.00|0.00|0.00|0.00|0.00|0.00|
DISIPADOR-TO220CLIP|0.00|0.00|1.00|0.00|0.00|0.00|0.00|0.00|1.00|0.00|0.00|0.00|0.00|0.00|0.00|
DZ10V|986.00|24.00|4.00|0.00|0.00|4.00|0.00|0.00|0.00|0.00|0.00|0.00|0.00|0.00|0.00|
DZ10V1W|137.00|16.00|2.00|0.00|2.00|0.00|0.00|0.00|0.00|0.00|0.00|0.00|0.00|0.00|0.00|
DZ12V|413.00|7.00|2.00|0.00|0.00|0.00|0.00|2.00|0.00|0.00|0.00|0.00|0.00|0.00|0.00|
DZ15V|3.00|0.00|4.00|0.00|0.00|4.00|0.00|0.00|0.00|0.00|0.00|0.00|0.00|0.00|0.00|
DZ2.4V|0.00|3.00|4.00|0.00|2.00|0.00|0.00|0.00|2.00|0.00|0.00|0.00|0.00|0.00|0.00|
DZ3.3V|76.00|52.00|21.00|0.00|5.00|10.00|0.00|4.00|2.00|0.00|0.00|0.00|0.00|0.00|0.00|
DZ3.3V1W|40.00|47.00|10.00|0.00|1.00|8.00|0.00|1.00|0.00|0.00|0.00|0.00|0.00|0.00|0.00|
DZ4.7V|24.00|4.00|11.00|0.00|7.00|0.00|0.00|2.00|2.00|0.00|0.00|0.00|0.00|0.00|0.00|
DZ5.1V|52.00|27.00|55.00|0.00|22.00|16.00|16.00|1.00|0.00|0.00|0.00|0.00|0.00|0.00|0.00|
DZ5.1V1W|51.00|22.00|30.00|0.00|8.00|21.00|1.00|0.00|0.00|0.00|0.00|0.00|0.00|0.00|0.00|
DZ5.6V1W|41.00|6.00|1.00|0.00|0.00|1.00|0.00|0.00|0.00|0.00|0.00|0.00|0.00|0.00|0.00|
DZ6.2V|1.00|4.00|10.00|0.00|0.00|0.00|8.00|0.00|2.00|0.00|0.00|0.00|0.00|0.00|0.00|
DZ6.8V|2.00|31.00|3.00|0.00|2.00|1.00|0.00|0.00|0.00|0.00|0.00|0.00|0.00|0.00|0.00|
DZ8.2V|848.00|63.00|22.00|0.00|2.00|1.00|19.00|0.00|0.00|0.00|0.00|0.00|0.00|0.00|0.00|
DZ8.2V1W|0.00|24.00|11.00|0.00|0.00|0.00|10.00|1.00|0.00|0.00|0.00|0.00|0.00|0.00|0.00|
DZ9.1V|101.00|13.00|47.00|0.00|9.00|13.00|10.00|15.00|0.00|0.00|0.00|0.00|0.00|0.00|0.00|
ELIMINADOR12V|215.00|11.00|4.00|1.00|1.00|0.00|1.00|1.00|0.00|0.00|0.00|0.00|0.00|0.00|0.00|
ELIMINADOR5V2A|108.00|7.00|6.00|1.00|1.00|2.00|0.00|1.00|1.00|0.00|0.00|0.00|0.00|0.00|0.00|
ENGRANECHI|0.00|2.00|7.00|0.00|0.00|0.00|2.00|5.00|0.00|0.00|0.00|0.00|0.00|0.00|0.00|
ENGRANEGDE|0.00|27.00|9.00|0.00|0.00|1.00|4.00|4.00|0.00|0.00|0.00|0.00|0.00|0.00|0.00|
ENGRANEGIGANTE|0.00|0.00|1.00|0.00|0.00|1.00|0.00|0.00|0.00|0.00|0.00|0.00|0.00|0.00|0.00|
ENGRANEMDFCHI|61.00|11.00|35.00|0.00|2.00|8.00|13.00|12.00|0.00|0.00|0.00|0.00|0.00|0.00|0.00|
ENGRANEMDFGDE|79.00|9.00|34.00|0.00|2.00|7.00|6.00|16.00|3.00|0.00|0.00|0.00|0.00|0.00|0.00|
ENGRANEMDFMED|63.00|25.00|31.00|0.00|2.00|8.00|5.00|16.00|0.00|0.00|0.00|0.00|0.00|0.00|0.00|
ENGRANEMED|0.00|18.00|8.00|0.00|0.00|0.00|1.00|6.00|1.00|0.00|0.00|0.00|0.00|0.00|0.00|
ENGRANENEMA17|0.00|13.00|2.00|0.00|0.00|0.00|0.00|2.00|0.00|0.00|0.00|0.00|0.00|0.00|0.00|
ESCALIMETRO|0.00|8.00|2.00|0.00|1.00|0.00|0.00|1.00|0.00|0.00|0.00|0.00|0.00|0.00|0.00|
ESPONJA|9.00|9.00|7.00|0.00|2.00|1.00|2.00|2.00|0.00|0.00|0.00|0.00|0.00|0.00|0.00|
EXSOLDADURACHI|4.00|1.00|5.00|1.00|0.00|2.00|0.00|2.00|0.00|0.00|0.00|0.00|0.00|0.00|0.00|
EXTENSION2M|3.00|0.00|1.00|0.00|1.00|0.00|0.00|0.00|0.00|0.00|0.00|0.00|0.00|0.00|0.00|
FA.250Amp|0.00|3.00|6.00|6.00|0.00|0.00|0.00|0.00|0.00|0.00|0.00|0.00|0.00|0.00|0.00|
FA.500Amp|20.00|18.00|2.00|0.00|0.00|0.00|2.00|0.00|0.00|0.00|0.00|0.00|0.00|0.00|0.00|
FA1.5Amp|0.00|38.00|1.00|0.00|0.00|0.00|0.00|0.00|0.00|1.00|0.00|0.00|0.00|0.00|0.00|
FA10Amp|7.00|10.00|2.00|0.00|0.00|0.00|2.00|0.00|0.00|0.00|0.00|0.00|0.00|0.00|0.00|
FA15Amp|17.00|5.00|1.00|0.00|0.00|0.00|1.00|0.00|0.00|0.00|0.00|0.00|0.00|0.00|0.00|
FA1Amp|154.00|23.00|5.00|0.00|3.00|1.00|0.00|1.00|0.00|0.00|0.00|0.00|0.00|0.00|0.00|
FA2Amp|114.00|18.00|13.00|0.00|5.00|0.00|0.00|8.00|0.00|0.00|0.00|0.00|0.00|0.00|0.00|
FA3Amp|80.00|23.00|2.00|0.00|0.00|0.00|0.00|2.00|0.00|0.00|0.00|0.00|0.00|0.00|0.00|
FA4Amp|215.00|5.00|1.00|0.00|0.00|0.00|0.00|1.00|0.00|0.00|0.00|0.00|0.00|0.00|0.00|
FA5Amp|85.00|5.00|3.00|0.00|0.00|0.00|0.00|3.00|0.00|0.00|0.00|0.00|0.00|0.00|0.00|
FA8Amp|0.00|6.00|2.00|0.00|0.00|1.00|0.00|0.00|1.00|0.00|0.00|0.00|0.00|0.00|0.00|
FE.125Amp|0.00|8.00|5.00|0.00|0.00|5.00|0.00|0.00|0.00|0.00|0.00|0.00|0.00|0.00|0.00|
FE.200Amp|476.00|24.00|12.00|6.00|6.00|0.00|0.00|0.00|0.00|0.00|0.00|0.00|0.00|0.00|0.00|
FE.315Amp|0.00|9.00|2.00|1.00|0.00|1.00|0.00|0.00|0.00|0.00|0.00|0.00|0.00|0.00|0.00|
FE.500Amp|82.00|13.00|5.00|0.00|2.00|0.00|3.00|0.00|0.00|0.00|0.00|0.00|0.00|0.00|0.00|
FE1Amp|381.00|32.00|6.00|0.00|4.00|0.00|2.00|0.00|0.00|0.00|0.00|0.00|0.00|0.00|0.00|
FE2Amp|121.00|4.00|303.00|0.00|0.00|0.00|0.00|303.00|0.00|0.00|0.00|0.00|0.00|0.00|0.00|
FE4Amp|64.00|15.00|4.00|0.00|0.00|4.00|0.00|0.00|0.00|0.00|0.00|0.00|0.00|0.00|0.00|
FE5Amp|365.00|19.00|5.00|0.00|1.00|0.00|0.00|0.00|0.00|4.00|0.00|0.00|0.00|0.00|0.00|
FIBRACEL20X20|0.00|25.00|1.00|0.00|1.00|0.00|0.00|0.00|0.00|0.00|0.00|0.00|0.00|0.00|0.00|
FLUX-50|1.00|2.00|5.00|0.00|0.00|3.00|1.00|1.00|0.00|0.00|0.00|0.00|0.00|0.00|0.00|
FOCO100W|1.00|10.00|3.00|0.00|0.00|0.00|2.00|1.00|0.00|0.00|0.00|0.00|0.00|0.00|0.00|
FOCO12V|123.00|28.00|6.00|0.00|0.00|0.00|0.00|6.00|0.00|0.00|0.00|0.00|0.00|0.00|0.00|
FOCO6.3V|96.00|56.00|7.00|0.00|0.00|1.00|1.00|3.00|2.00|0.00|0.00|0.00|0.00|0.00|0.00|
FOCO7.5W|198.00|35.00|2.00|0.00|0.00|2.00|0.00|0.00|0.00|0.00|0.00|0.00|0.00|0.00|0.00|
FOTODIODOAZUL|362.00|12.00|68.00|0.00|5.00|16.00|9.00|37.00|1.00|0.00|0.00|0.00|0.00|0.00|0.00|
FOTORES10M|34.00|3.00|75.00|8.00|17.00|5.00|9.00|23.00|13.00|0.00|0.00|0.00|0.00|0.00|0.00|
FOTORES2M|1031.00|29.00|17.00|2.00|3.00|0.00|6.00|4.00|2.00|0.00|0.00|0.00|0.00|0.00|0.00|
FOTOTRANSISTORBLA|0.00|0.00|1.00|0.00|0.00|0.00|1.00|0.00|0.00|0.00|0.00|0.00|0.00|0.00|0.00|
FOTOTRANSISTORNE|925.00|32.00|68.00|0.00|6.00|14.00|10.00|37.00|1.00|0.00|0.00|0.00|0.00|0.00|0.00|
FUENTEVARIABLE|0.00|2.00|1.00|0.00|0.00|1.00|0.00|0.00|0.00|0.00|0.00|0.00|0.00|0.00|0.00|
GAL16V8|0.00|0.00|1.00|0.00|0.00|0.00|0.00|1.00|0.00|0.00|0.00|0.00|0.00|0.00|0.00|
GAL22V10-25LP|128.00|18.00|18.00|0.00|2.00|5.00|0.00|11.00|0.00|0.00|0.00|0.00|0.00|0.00|0.00|
GOMA-MIGAJON|0.00|15.00|1.00|0.00|1.00|0.00|0.00|0.00|0.00|0.00|0.00|0.00|0.00|0.00|0.00|
GRABADOR-AVR|93.00|1.00|1.00|0.00|0.00|0.00|0.00|0.00|0.00|1.00|0.00|0.00|0.00|0.00|0.00|
GRASA|12.00|3.00|5.00|0.00|0.00|1.00|1.00|1.00|2.00|0.00|0.00|0.00|0.00|0.00|0.00|
HEADERESCSEN|128.00|0.00|5.00|0.00|1.00|1.00|0.00|3.00|0.00|0.00|0.00|0.00|0.00|0.00|0.00|
HEADERHEMBRA|0.00|11.00|88.00|0.00|0.00|13.00|11.00|57.00|7.00|0.00|0.00|0.00|0.00|0.00|0.00|
HEADERSEN|241.00|0.00|98.00|0.00|4.00|18.00|22.00|51.00|3.00|0.00|0.00|0.00|0.00|0.00|0.00|
HEADERTORNEADO-10P|0.00|12.00|1.00|0.00|0.00|0.00|0.00|1.00|0.00|0.00|0.00|0.00|0.00|0.00|0.00|
HEADERTORNEADO-40P|130.00|13.00|93.00|0.00|4.00|12.00|27.00|46.00|4.00|0.00|0.00|0.00|0.00|0.00|0.00|
HELICE|16.00|19.00|1.00|0.00|0.00|1.00|0.00|0.00|0.00|0.00|0.00|0.00|0.00|0.00|0.00|
HOJA-A3|(null)|1.00|41.00|2.00|6.00|14.00|5.00|14.00|0.00|0.00|0.00|0.00|0.00|0.00|0.00|
HT12D|16.00|49.00|1.00|0.00|0.00|0.00|0.00|1.00|0.00|0.00|0.00|0.00|0.00|0.00|0.00|
HT12E|7.00|5.00|1.00|0.00|0.00|0.00|0.00|1.00|0.00|0.00|0.00|0.00|0.00|0.00|0.00|
IMANCIRCULARGDE|0.00|5.00|2.00|0.00|0.00|0.00|1.00|1.00|0.00|0.00|0.00|0.00|0.00|0.00|0.00|
IMANCIRCULARMED|57.00|33.00|8.00|0.00|3.00|1.00|0.00|4.00|0.00|0.00|0.00|0.00|0.00|0.00|0.00|
IMPRESIONES|0.00|0.00|16.00|0.00|16.00|0.00|0.00|0.00|0.00|0.00|0.00|0.00|0.00|0.00|0.00|
INTBALANCINCHI|4.00|20.00|9.00|0.00|0.00|0.00|2.00|2.00|4.00|1.00|0.00|0.00|0.00|0.00|0.00|
INTBALANCINMINI|131.00|0.00|1.00|0.00|0.00|0.00|0.00|0.00|0.00|1.00|0.00|0.00|0.00|0.00|0.00|
INTCHI|1814.00|65.00|31.00|6.00|1.00|4.00|4.00|14.00|2.00|0.00|0.00|0.00|0.00|0.00|0.00|
INTCOLADERATA2P|93.00|-1.00|65.00|3.00|22.00|5.00|15.00|16.00|3.00|1.00|0.00|0.00|0.00|0.00|0.00|
INTCOLADERATA2P2T-3P|14.00|3.00|5.00|0.00|0.00|0.00|2.00|3.00|0.00|0.00|0.00|0.00|0.00|0.00|0.00|
INTCOLADERATA3P|125.00|2.00|7.00|0.00|6.00|0.00|1.00|0.00|0.00|0.00|0.00|0.00|0.00|0.00|0.00|
INTFOCONEONCHI|125.00|9.00|15.00|0.00|9.00|4.00|1.00|1.00|0.00|0.00|0.00|0.00|0.00|0.00|0.00|
INTPALANCA|52.00|3.00|48.00|0.00|4.00|39.00|0.00|5.00|0.00|0.00|0.00|0.00|0.00|0.00|0.00|
INTPALANCAMINI|19.00|20.00|26.00|0.00|0.00|17.00|2.00|7.00|0.00|0.00|0.00|0.00|0.00|0.00|0.00|
INTPROTO|1704.00|15.00|8.00|0.00|0.00|0.00|0.00|8.00|0.00|0.00|0.00|0.00|0.00|0.00|0.00|
IRF540|87.00|2.00|5.00|0.00|0.00|0.00|0.00|5.00|0.00|0.00|0.00|0.00|0.00|0.00|0.00|
IRF630|108.00|22.00|24.00|0.00|7.00|4.00|6.00|6.00|1.00|0.00|0.00|0.00|0.00|0.00|0.00|
IRF640|179.00|12.00|1.00|0.00|0.00|0.00|0.00|0.00|1.00|0.00|0.00|0.00|0.00|0.00|0.00|
IRF9540|220.00|15.00|1.00|0.00|0.00|0.00|0.00|1.00|0.00|0.00|0.00|0.00|0.00|0.00|0.00|
IRFZ24|28.00|0.00|4.00|0.00|0.00|1.00|3.00|0.00|0.00|0.00|0.00|0.00|0.00|0.00|0.00|
IRFZ34N|0.00|6.00|2.00|0.00|0.00|1.00|0.00|1.00|0.00|0.00|0.00|0.00|0.00|0.00|0.00|
IRFZ44N|128.00|23.00|6.00|0.00|0.00|0.00|0.00|4.00|0.00|2.00|0.00|0.00|0.00|0.00|0.00|
IRFZ46N|(null)|17.00|1.00|0.00|0.00|0.00|1.00|0.00|0.00|0.00|0.00|0.00|0.00|0.00|0.00|
JACK3.5MM-ESTEREO|48.00|5.00|3.00|0.00|0.00|3.00|0.00|0.00|0.00|0.00|0.00|0.00|0.00|0.00|0.00|
JACK6.3MM/CHASIS|35.00|3.00|1.00|0.00|0.00|0.00|0.00|1.00|0.00|0.00|0.00|0.00|0.00|0.00|0.00|
JACKINVERTIDO2.34MM|24.00|0.00|1.00|0.00|0.00|0.00|0.00|1.00|0.00|0.00|0.00|0.00|0.00|0.00|0.00|
JACKINVERTIDO2MM|0.00|0.00|1.00|0.00|0.00|0.00|1.00|0.00|0.00|0.00|0.00|0.00|0.00|0.00|0.00|
JACKRCA-ROJO|0.00|6.00|5.00|0.00|5.00|0.00|0.00|0.00|0.00|0.00|0.00|0.00|0.00|0.00|0.00|
JACKRJ-45|29.00|56.00|6.00|0.00|0.00|0.00|4.00|2.00|0.00|0.00|0.00|0.00|0.00|0.00|0.00|
JGOCAIMANESCHI|118.00|8.00|4.00|0.00|0.00|0.00|3.00|1.00|0.00|0.00|0.00|0.00|0.00|0.00|0.00|
JGODEPINZAS2|3.00|0.00|1.00|0.00|0.00|0.00|0.00|1.00|0.00|0.00|0.00|0.00|0.00|0.00|0.00|
JGODERUEDAS|0.00|8.00|7.00|0.00|2.00|1.00|2.00|2.00|0.00|0.00|0.00|0.00|0.00|0.00|0.00|
JGODERUEDASGDES|37.50|8.00|11.50|0.00|1.00|0.00|1.00|9.50|0.00|0.00|0.00|0.00|0.00|0.00|0.00|
JGODESARMADORES6-P|16.00|0.00|1.00|0.00|0.00|1.00|0.00|0.00|0.00|0.00|0.00|0.00|0.00|0.00|0.00|
JGOHEADERARDUINO|0.00|9.00|1.00|0.00|0.00|0.00|0.00|1.00|0.00|0.00|0.00|0.00|0.00|0.00|0.00|
JOYSTICK|50.00|5.00|2.00|0.00|0.00|0.00|2.00|0.00|0.00|0.00|0.00|0.00|0.00|0.00|0.00|
JUMPERDUPONTH-H20CM|69.50|5.00|6.00|0.00|0.00|3.00|1.00|1.00|1.00|0.00|0.00|0.00|0.00|0.00|0.00|
JUMPERDUPONTH-M20CM|212.00|8.00|4.50|0.00|1.00|0.00|1.00|2.00|0.50|0.00|0.00|0.00|0.00|0.00|0.00|
JUMPERDUPONTM-M10CM|393.75|2.00|5.50|0.00|2.00|1.50|1.00|1.00|0.00|0.00|0.00|0.00|0.00|0.00|0.00|
JUMPERDUPONTM-M20CM|596.50|7.00|33.50|4.00|10.00|9.00|3.00|5.00|2.50|0.00|0.00|0.00|0.00|0.00|0.00|
JUMPERH-H20CM|10.00|18.00|198.00|0.00|12.00|20.00|10.00|153.00|0.00|3.00|0.00|0.00|0.00|0.00|0.00|
JUMPERH-M10CM|34.00|95.00|20.00|0.00|0.00|18.00|2.00|0.00|0.00|0.00|0.00|0.00|0.00|0.00|0.00|
JUMPERH-M20CM|25.00|9.00|411.00|5.00|39.00|34.00|36.00|236.00|52.00|9.00|0.00|0.00|0.00|0.00|0.00|
JUMPERM-M10CM|34.00|13.00|103.00|27.00|10.00|66.00|0.00|0.00|0.00|0.00|0.00|0.00|0.00|0.00|0.00|
JUMPERM-M20CM|76.00|2.00|678.00|66.00|148.00|68.00|94.00|232.00|67.00|3.00|0.00|0.00|0.00|0.00|0.00|
JUMPERS|1098.00|2.00|1.00|0.00|0.00|0.00|0.00|1.00|0.00|0.00|0.00|0.00|0.00|0.00|0.00|
KITSOLDADURA|48.00|1.00|1.00|0.00|1.00|0.00|0.00|0.00|0.00|0.00|0.00|0.00|0.00|0.00|0.00|
L293B|1.00|7.00|2.00|0.00|1.00|0.00|0.00|1.00|0.00|0.00|0.00|0.00|0.00|0.00|0.00|
L293D|17.00|24.00|46.00|0.00|10.00|9.00|3.00|20.00|4.00|0.00|0.00|0.00|0.00|0.00|0.00|
L298|1.00|0.00|2.00|0.00|0.00|0.00|0.00|2.00|0.00|0.00|0.00|0.00|0.00|0.00|0.00|
LAMPARA12V|55.00|6.00|30.00|11.00|9.00|5.00|2.00|1.00|2.00|0.00|0.00|0.00|0.00|0.00|0.00|
LAPIZ-2H|0.00|35.00|4.00|2.00|0.00|0.00|1.00|1.00|0.00|0.00|0.00|0.00|0.00|0.00|0.00|
LAPIZ-4H|0.00|33.00|6.00|2.00|2.00|1.00|0.00|1.00|0.00|0.00|0.00|0.00|0.00|0.00|0.00|
LAPIZ-HB|0.00|31.00|9.00|2.00|3.00|1.00|1.00|2.00|0.00|0.00|0.00|0.00|0.00|0.00|0.00|
LCD16X2C/LUZ|66.00|0.00|19.00|0.00|2.00|5.00|1.00|10.00|1.00|0.00|0.00|0.00|0.00|0.00|0.00|
LEDA|6678.00|82.00|479.00|33.00|52.00|46.00|113.00|143.00|87.00|5.00|0.00|0.00|0.00|0.00|0.00|
LEDAZUL|1673.00|240.00|1105.00|70.00|244.00|224.00|140.00|251.00|166.00|10.00|0.00|0.00|0.00|0.00|0.00|
LEDB|9964.00|103.00|270.00|12.00|38.00|57.00|40.00|121.00|2.00|0.00|0.00|0.00|0.00|0.00|0.00|
LEDJUMBOULTRAAMA|0.00|0.00|1.00|0.00|0.00|0.00|0.00|1.00|0.00|0.00|0.00|0.00|0.00|0.00|0.00|
LEDJUMBOULTRAAZ|63.00|11.00|2.00|0.00|0.00|0.00|0.00|2.00|0.00|0.00|0.00|0.00|0.00|0.00|0.00|
LEDJUMBOULTRABL|50.00|0.00|9.00|0.00|0.00|7.00|0.00|2.00|0.00|0.00|0.00|0.00|0.00|0.00|0.00|
LEDJUMBOULTRARO|57.00|15.00|1.00|0.00|0.00|0.00|0.00|1.00|0.00|0.00|0.00|0.00|0.00|0.00|0.00|
LEDJUMBOULTRAVER|11.00|1.00|11.00|0.00|0.00|0.00|0.00|11.00|0.00|0.00|0.00|0.00|0.00|0.00|0.00|
LEDN|799.00|178.00|147.00|16.00|22.00|25.00|41.00|22.00|21.00|0.00|0.00|0.00|0.00|0.00|0.00|
LEDR|2110.00|169.00|1884.00|192.00|464.00|385.00|229.00|518.00|88.00|8.00|0.00|0.00|0.00|0.00|0.00|
LEDRGB2P|760.00|34.00|32.00|0.00|3.00|8.00|12.00|5.00|4.00|0.00|0.00|0.00|0.00|0.00|0.00|
LEDRGB4PANODO|594.00|4.00|9.00|0.00|0.00|0.00|0.00|7.00|2.00|0.00|0.00|0.00|0.00|0.00|0.00|
LEDRGB4PCATODO|275.00|24.00|3.00|0.00|0.00|0.00|0.00|1.00|2.00|0.00|0.00|0.00|0.00|0.00|0.00|
LEDULTRAAZUL|1221.00|91.00|104.00|0.00|1.00|6.00|26.00|56.00|15.00|0.00|0.00|0.00|0.00|0.00|0.00|
LEDULTRABLA|8198.00|204.00|145.00|17.00|20.00|13.00|20.00|56.00|19.00|0.00|0.00|0.00|0.00|0.00|0.00|
LEDULTRAROJO|815.00|74.00|89.00|0.00|5.00|2.00|14.00|60.00|8.00|0.00|0.00|0.00|0.00|0.00|0.00|
LEDULTRAVER|840.00|127.00|86.00|0.00|43.00|6.00|6.00|29.00|2.00|0.00|0.00|0.00|0.00|0.00|0.00|
LEDULTRAVIOLETA|532.00|21.00|29.00|3.00|4.00|0.00|22.00|0.00|0.00|0.00|0.00|0.00|0.00|0.00|0.00|
LEDV|6663.00|176.00|774.00|110.00|273.00|93.00|74.00|156.00|66.00|2.00|0.00|0.00|0.00|0.00|0.00|
LF411|0.00|2.00|1.00|0.00|0.00|0.00|0.00|1.00|0.00|0.00|0.00|0.00|0.00|0.00|0.00|
LF412|2.00|6.00|1.00|0.00|0.00|0.00|0.00|1.00|0.00|0.00|0.00|0.00|0.00|0.00|0.00|
LIJADEAGUA400|0.00|7.00|2.00|0.00|0.00|0.00|1.00|1.00|0.00|0.00|0.00|0.00|0.00|0.00|0.00|
LIJADEAGUA600|31.00|2.00|6.00|0.00|0.00|0.00|2.00|4.00|0.00|0.00|0.00|0.00|0.00|0.00|0.00|
LM2940|0.00|0.00|1.00|0.00|0.00|1.00|0.00|0.00|0.00|0.00|0.00|0.00|0.00|0.00|0.00|
LM308|2.00|4.00|2.00|0.00|0.00|0.00|2.00|0.00|0.00|0.00|0.00|0.00|0.00|0.00|0.00|
LM317T|444.00|36.00|85.00|1.00|16.00|13.00|10.00|41.00|3.00|1.00|0.00|0.00|0.00|0.00|0.00|
LM324|190.00|1.00|5.00|0.00|0.00|0.00|2.00|3.00|0.00|0.00|0.00|0.00|0.00|0.00|0.00|
LM337T|242.00|43.00|35.00|0.00|3.00|6.00|1.00|21.00|4.00|0.00|0.00|0.00|0.00|0.00|0.00|
LM338T|25.00|0.00|1.00|0.00|0.00|1.00|0.00|0.00|0.00|0.00|0.00|0.00|0.00|0.00|0.00|
LM339|106.00|41.00|3.00|0.00|1.00|0.00|1.00|1.00|0.00|0.00|0.00|0.00|0.00|0.00|0.00|
LM35|297.00|57.00|39.00|0.00|2.00|1.00|8.00|13.00|15.00|0.00|0.00|0.00|0.00|0.00|0.00|
LM358|425.00|27.00|5.00|0.00|1.00|0.00|0.00|4.00|0.00|0.00|0.00|0.00|0.00|0.00|0.00|
LM386|221.00|49.00|5.00|0.00|0.00|0.00|0.00|4.00|1.00|0.00|0.00|0.00|0.00|0.00|0.00|
LM3900|145.00|3.00|1.00|0.00|0.00|1.00|0.00|0.00|0.00|0.00|0.00|0.00|0.00|0.00|0.00|
LM3914|0.00|7.00|2.00|0.00|0.00|0.00|0.00|2.00|0.00|0.00|0.00|0.00|0.00|0.00|0.00|
LM741|1757.00|67.00|81.00|1.00|12.00|9.00|9.00|43.00|7.00|0.00|0.00|0.00|0.00|0.00|0.00|
LM7805|377.00|31.00|97.00|1.00|25.00|1.00|16.00|50.00|4.00|0.00|0.00|0.00|0.00|0.00|0.00|
LM7806|103.00|13.00|2.00|0.00|0.00|0.00|2.00|0.00|0.00|0.00|0.00|0.00|0.00|0.00|0.00|
LM7808|119.00|13.00|1.00|0.00|1.00|0.00|0.00|0.00|0.00|0.00|0.00|0.00|0.00|0.00|0.00|
LM7809|102.00|14.00|35.00|0.00|17.00|1.00|6.00|10.00|1.00|0.00|0.00|0.00|0.00|0.00|0.00|
LM7810|0.00|2.00|1.00|0.00|0.00|0.00|0.00|0.00|1.00|0.00|0.00|0.00|0.00|0.00|0.00|
LM7812|407.00|74.00|24.00|0.00|4.00|0.00|5.00|15.00|0.00|0.00|0.00|0.00|0.00|0.00|0.00|
LM7824|15.00|6.00|2.00|0.00|0.00|1.00|0.00|1.00|0.00|0.00|0.00|0.00|0.00|0.00|0.00|
LM7906|149.00|10.00|1.00|0.00|0.00|0.00|0.00|1.00|0.00|0.00|0.00|0.00|0.00|0.00|0.00|
LM7912|34.00|21.00|3.00|0.00|0.00|0.00|0.00|3.00|0.00|0.00|0.00|0.00|0.00|0.00|0.00|
MAC223|0.00|5.00|1.00|0.00|0.00|0.00|1.00|0.00|0.00|0.00|0.00|0.00|0.00|0.00|0.00|
MAGNETO18|421.00|296.00|21.00|0.00|14.00|5.00|0.00|0.00|0.00|2.00|0.00|0.00|0.00|0.00|0.00|
MAGNETO20|423.00|304.00|2.00|0.00|2.00|0.00|0.00|0.00|0.00|0.00|0.00|0.00|0.00|0.00|0.00|
MAGNETO22|694.00|170.00|101.00|0.00|2.00|0.00|60.00|39.00|0.00|0.00|0.00|0.00|0.00|0.00|0.00|
MAGNETO24|389.00|438.00|239.00|0.00|179.00|32.00|28.00|0.00|0.00|0.00|0.00|0.00|0.00|0.00|0.00|
MAGNETO28|2507.00|1320.00|107.00|0.00|4.00|10.00|0.00|93.00|0.00|0.00|0.00|0.00|0.00|0.00|0.00|
MAGNETO30|2584.00|182.00|33.00|0.00|0.00|0.00|0.00|0.00|20.00|13.00|0.00|0.00|0.00|0.00|0.00|
MALLA|9.00|12.00|4.00|0.00|0.00|2.00|2.00|0.00|0.00|0.00|0.00|0.00|0.00|0.00|0.00|
MASKING|0.00|12.00|1.00|0.00|0.00|0.00|1.00|0.00|0.00|0.00|0.00|0.00|0.00|0.00|0.00|
MBIPOLAR-02|24.00|6.00|13.00|0.00|1.00|9.00|2.00|1.00|0.00|0.00|0.00|0.00|0.00|0.00|0.00|
MBIPOLAR-03|19.00|0.00|2.00|0.00|0.00|2.00|0.00|0.00|0.00|0.00|0.00|0.00|0.00|0.00|0.00|
MICATO-220|165.00|2.00|2.00|0.00|0.00|0.00|0.00|0.00|0.00|2.00|0.00|0.00|0.00|0.00|0.00|
MICROELEC|11.00|19.00|26.00|0.00|11.00|1.00|7.00|2.00|5.00|0.00|0.00|0.00|0.00|0.00|0.00|
MICROMOTORRED30:1|0.00|0.00|2.00|0.00|0.00|0.00|0.00|2.00|0.00|0.00|0.00|0.00|0.00|0.00|0.00|
MINIATRIL|3.00|2.00|1.00|0.00|0.00|0.00|0.00|1.00|0.00|0.00|0.00|0.00|0.00|0.00|0.00|
MINIBUZZER|646.00|38.00|47.00|6.00|2.00|9.00|9.00|17.00|4.00|0.00|0.00|0.00|0.00|0.00|0.00|
MINILEDA|0.00|0.00|8.00|0.00|1.00|4.00|0.00|3.00|0.00|0.00|0.00|0.00|0.00|0.00|0.00|
MINILEDAZUL|118.00|0.00|5.00|5.00|0.00|0.00|0.00|0.00|0.00|0.00|0.00|0.00|0.00|0.00|0.00|
MINILEDR|4197.00|34.00|66.00|0.00|1.00|10.00|14.00|41.00|0.00|0.00|0.00|0.00|0.00|0.00|0.00|
MINILEDULTRABLA|1096.00|100.00|16.00|0.00|0.00|0.00|0.00|16.00|0.00|0.00|0.00|0.00|0.00|0.00|0.00|
MINILEDV|598.00|28.00|55.00|0.00|0.00|15.00|21.00|19.00|0.00|0.00|0.00|0.00|0.00|0.00|0.00|
MINIMOTOR-02|60.00|0.00|22.00|0.00|1.00|7.00|11.00|0.00|3.00|0.00|0.00|0.00|0.00|0.00|0.00|
MINIP1K|243.00|15.00|1.00|0.00|0.00|0.00|0.00|1.00|0.00|0.00|0.00|0.00|0.00|0.00|0.00|
MINIPAZUL100K-H|0.00|0.00|49.00|2.00|1.00|3.00|18.00|25.00|0.00|0.00|0.00|0.00|0.00|0.00|0.00|
MINIPAZUL10K-H|0.00|0.00|51.00|2.00|4.00|0.00|13.00|32.00|0.00|0.00|0.00|0.00|0.00|0.00|0.00|
MINIPAZUL4.7K-H|0.00|0.00|19.00|0.00|6.00|0.00|1.00|12.00|0.00|0.00|0.00|0.00|0.00|0.00|0.00|
MINIPAZUL50K-H|(null)|0.00|18.00|5.00|1.00|1.00|8.00|3.00|0.00|0.00|0.00|0.00|0.00|0.00|0.00|
MINIPROTO|270.00|12.00|5.00|0.00|1.00|1.00|0.00|3.00|0.00|0.00|0.00|0.00|0.00|0.00|0.00|
MINISERVO|54.00|3.00|32.00|0.00|5.00|6.00|11.00|10.00|0.00|0.00|0.00|0.00|0.00|0.00|0.00|
MLEDSAC5x7|80.00|10.00|2.00|0.00|1.00|1.00|0.00|0.00|0.00|0.00|0.00|0.00|0.00|0.00|0.00|
MLEDSAC8X8|264.00|19.00|1.00|0.00|0.00|1.00|0.00|0.00|0.00|0.00|0.00|0.00|0.00|0.00|0.00|
MLEDSCC5x7|81.00|8.00|3.00|0.00|0.00|2.00|0.00|0.00|1.00|0.00|0.00|0.00|0.00|0.00|0.00|
MLEDSCC8X8|181.00|10.00|3.00|0.00|0.00|2.00|1.00|0.00|0.00|0.00|0.00|0.00|0.00|0.00|0.00|
MOC3011|342.00|27.00|43.00|13.00|8.00|1.00|0.00|19.00|2.00|0.00|0.00|0.00|0.00|0.00|0.00|
MOC3020|93.00|7.00|7.00|3.00|0.00|1.00|0.00|3.00|0.00|0.00|0.00|0.00|0.00|0.00|0.00|
MOC3022|0.00|12.00|3.00|0.00|0.00|1.00|0.00|0.00|2.00|0.00|0.00|0.00|0.00|0.00|0.00|
MOC3031|92.00|8.00|2.00|0.00|0.00|2.00|0.00|0.00|0.00|0.00|0.00|0.00|0.00|0.00|0.00|
MODULO-DC/DC|42.00|3.00|3.00|1.00|0.00|0.00|0.00|1.00|1.00|0.00|0.00|0.00|0.00|0.00|0.00|
MODULO-DRIVERA4988|50.00|7.00|3.00|0.00|0.00|0.00|0.00|3.00|0.00|0.00|0.00|0.00|0.00|0.00|0.00|
MODULO-ENCODER|42.00|2.00|1.00|0.00|0.00|0.00|0.00|0.00|1.00|0.00|0.00|0.00|0.00|0.00|0.00|
MODULO-I2C|51.00|2.00|1.00|0.00|0.00|0.00|1.00|0.00|0.00|0.00|0.00|0.00|0.00|0.00|0.00|
MODULO-L293D|20.00|7.00|1.00|0.00|1.00|0.00|0.00|0.00|0.00|0.00|0.00|0.00|0.00|0.00|0.00|
MODULO-PUENTEH|65.00|1.00|9.00|0.00|3.00|0.00|0.00|6.00|0.00|0.00|0.00|0.00|0.00|0.00|0.00|
MODULO-REELE1C|105.00|4.00|13.00|0.00|0.00|0.00|1.00|12.00|0.00|0.00|0.00|0.00|0.00|0.00|0.00|
MODULO-REELE2C|50.00|10.00|7.00|1.00|3.00|1.00|1.00|1.00|0.00|0.00|0.00|0.00|0.00|0.00|0.00|
MODULO-RELOJ|18.00|3.00|1.00|0.00|0.00|0.00|1.00|0.00|0.00|0.00|0.00|0.00|0.00|0.00|0.00|
MODULO-RF433MHZ|110.00|2.00|3.00|0.00|0.00|0.00|0.00|3.00|0.00|0.00|0.00|0.00|0.00|0.00|0.00|
MODULO-WIFI|23.00|2.00|1.00|0.00|0.00|0.00|1.00|0.00|0.00|0.00|0.00|0.00|0.00|0.00|0.00|
MOLEX2H|1576.00|19.00|1.00|0.00|0.00|0.00|0.00|1.00|0.00|0.00|0.00|0.00|0.00|0.00|0.00|
MOLEX2H-P150|233.00|18.00|1.00|0.00|0.00|0.00|0.00|1.00|0.00|0.00|0.00|0.00|0.00|0.00|0.00|
MOLEX2M|1652.00|12.00|13.00|0.00|0.00|0.00|1.00|12.00|0.00|0.00|0.00|0.00|0.00|0.00|0.00|
MOLEX2M-P150|268.00|0.00|1.00|0.00|0.00|0.00|0.00|1.00|0.00|0.00|0.00|0.00|0.00|0.00|0.00|
MOLEX3M|1664.00|8.00|4.00|0.00|0.00|0.00|0.00|4.00|0.00|0.00|0.00|0.00|0.00|0.00|0.00|
MOLEX6H|1788.00|7.00|4.00|0.00|0.00|1.00|0.00|3.00|0.00|0.00|0.00|0.00|0.00|0.00|0.00|
MOLEX6M|860.00|4.00|6.00|0.00|0.00|1.00|0.00|5.00|0.00|0.00|0.00|0.00|0.00|0.00|0.00|
MOTOR5V|344.00|55.00|18.00|0.00|0.00|0.00|2.00|13.00|3.00|0.00|0.00|0.00|0.00|0.00|0.00|
MOTOR5VBCO|0.00|0.00|34.00|0.00|9.00|12.00|12.00|1.00|0.00|0.00|0.00|0.00|0.00|0.00|0.00|
MOTOR5VNAR|0.00|0.00|40.00|1.00|7.00|21.00|11.00|0.00|0.00|0.00|0.00|0.00|0.00|0.00|0.00|
MOTOR5VVERDE|1.00|0.00|7.00|1.00|4.00|2.00|0.00|0.00|0.00|0.00|0.00|0.00|0.00|0.00|0.00|
MOTOR6V|(null)|8.00|8.00|0.00|2.00|0.00|0.00|1.00|5.00|0.00|0.00|0.00|0.00|0.00|0.00|
MOTOR9V|0.00|0.00|14.00|0.00|0.00|2.00|10.00|2.00|0.00|0.00|0.00|0.00|0.00|0.00|0.00|
MOTOREDUCTORI |533.00|15.00|96.00|0.00|17.00|26.00|12.00|38.00|3.00|0.00|0.00|0.00|0.00|0.00|0.00|
MOTOREDUCTORMET|10.00|4.00|2.00|0.00|0.00|0.00|0.00|2.00|0.00|0.00|0.00|0.00|0.00|0.00|0.00|
MOTOREDUCTORMET-01|0.00|0.00|7.00|0.00|0.00|0.00|0.00|5.00|2.00|0.00|0.00|0.00|0.00|0.00|0.00|
MOTOREDUCTORMET-02|(null)|2.00|1.00|0.00|0.00|0.00|0.00|1.00|0.00|0.00|0.00|0.00|0.00|0.00|0.00|
MOTOREDUCTORMETMED|(null)|0.00|2.00|0.00|0.00|0.00|2.00|0.00|0.00|0.00|0.00|0.00|0.00|0.00|0.00|
MOTORGDE12V|800.00|17.00|24.00|6.00|2.00|4.00|3.00|6.00|3.00|0.00|0.00|0.00|0.00|0.00|0.00|
MOTORJOHNSON|0.00|0.00|4.00|0.00|0.00|0.00|0.00|4.00|0.00|0.00|0.00|0.00|0.00|0.00|0.00|
MOTORNEMA|2.00|2.00|2.00|0.00|0.00|1.00|0.00|1.00|0.00|0.00|0.00|0.00|0.00|0.00|0.00|
MOTORNEMACHI|1.00|4.00|2.00|0.00|0.00|0.00|0.00|2.00|0.00|0.00|0.00|0.00|0.00|0.00|0.00|
MPS2222A|1433.00|71.00|269.00|0.00|19.00|108.00|58.00|63.00|19.00|2.00|0.00|0.00|0.00|0.00|0.00|
MUL-005|11.00|4.00|5.00|1.00|2.00|1.00|0.00|1.00|0.00|0.00|0.00|0.00|0.00|0.00|0.00|
MUL-312|7.00|2.00|8.00|1.00|3.00|2.00|0.00|2.00|0.00|0.00|0.00|0.00|0.00|0.00|0.00|
MUNIPOLAR-02|98.00|19.00|15.00|0.00|8.00|6.00|1.00|0.00|0.00|0.00|0.00|0.00|0.00|0.00|0.00|
MUNIPOLAR-03|0.00|0.00|1.00|0.00|0.00|0.00|0.00|1.00|0.00|0.00|0.00|0.00|0.00|0.00|0.00|
NE555|1387.00|109.00|323.00|32.00|69.00|51.00|75.00|75.00|21.00|0.00|0.00|0.00|0.00|0.00|0.00|
NE567|29.00|1.00|2.00|0.00|0.00|0.00|1.00|1.00|0.00|0.00|0.00|0.00|0.00|0.00|0.00|
NEODIMIOMINI|0.00|1.00|13.00|0.00|0.00|1.00|4.00|8.00|0.00|0.00|0.00|0.00|0.00|0.00|0.00|
NEODIMIOREDONDO|0.00|3.00|1.00|0.00|0.00|0.00|0.00|1.00|0.00|0.00|0.00|0.00|0.00|0.00|0.00|
NEONENCAPSULADO-R|9.00|15.00|1.00|0.00|0.00|0.00|0.00|0.00|1.00|0.00|0.00|0.00|0.00|0.00|0.00|
OPTOIN|117.00|72.00|51.00|28.00|15.00|0.00|0.00|5.00|3.00|0.00|0.00|0.00|0.00|0.00|0.00|
ORGANIZADOR11|12.00|11.00|1.00|0.00|1.00|0.00|0.00|0.00|0.00|0.00|0.00|0.00|0.00|0.00|0.00|
ORGANIZADOR13|13.00|10.00|5.00|0.00|2.00|1.00|0.00|2.00|0.00|0.00|0.00|0.00|0.00|0.00|0.00|
ORGANIZADOR15|10.00|4.00|2.00|0.00|2.00|0.00|0.00|0.00|0.00|0.00|0.00|0.00|0.00|0.00|0.00|
ORGANIZADOR17|4.00|1.00|1.00|0.00|0.00|1.00|0.00|0.00|0.00|0.00|0.00|0.00|0.00|0.00|0.00|
PAPELCOUCHE|815.00|78.00|388.00|0.00|18.00|55.00|117.00|190.00|8.00|0.00|0.00|0.00|0.00|0.00|0.00|
PAQARDUINO|-1.00|0.00|5.00|3.00|2.00|0.00|0.00|0.00|0.00|0.00|0.00|0.00|0.00|0.00|0.00|
PAQCOM|12.00|-1.00|16.00|8.00|3.00|2.00|3.00|0.00|0.00|0.00|0.00|0.00|0.00|0.00|0.00|
PAQLEDS|0.00|0.00|16.00|9.00|7.00|0.00|0.00|0.00|0.00|0.00|0.00|0.00|0.00|0.00|0.00|
PAQPROTO|-6.00|0.00|7.00|5.00|2.00|0.00|0.00|0.00|0.00|0.00|0.00|0.00|0.00|0.00|0.00|
PAQPUNTOSC3|30.00|0.00|1.00|0.00|1.00|0.00|0.00|0.00|0.00|0.00|0.00|0.00|0.00|0.00|0.00|
PASTA|32.00|5.00|22.00|1.00|6.00|3.00|3.00|7.00|2.00|0.00|0.00|0.00|0.00|0.00|0.00|
PCAUTINAM|16.00|4.00|4.00|1.00|1.00|0.00|0.00|2.00|0.00|0.00|0.00|0.00|0.00|0.00|0.00|
PCAUTINAZ|1.00|6.00|3.00|0.00|1.00|1.00|0.00|1.00|0.00|0.00|0.00|0.00|0.00|0.00|0.00|
PERFOCEL25x25-P|0.00|0.00|4.00|0.00|1.00|1.00|0.00|1.00|1.00|0.00|0.00|0.00|0.00|0.00|0.00|
PERFOCEL30X30|(null)|0.00|1.00|0.00|0.00|1.00|0.00|0.00|0.00|0.00|0.00|0.00|0.00|0.00|0.00|
PERILLAECONOMICA|142.00|9.00|11.00|0.00|2.00|2.00|2.00|5.00|0.00|0.00|0.00|0.00|0.00|0.00|0.00|
PIC12F615|0.00|9.00|6.00|0.00|0.00|0.00|5.00|1.00|0.00|0.00|0.00|0.00|0.00|0.00|0.00|
PIC12F683|1.00|5.00|3.00|0.00|0.00|0.00|3.00|0.00|0.00|0.00|0.00|0.00|0.00|0.00|0.00|
PIC16F628|130.00|39.00|6.00|0.00|1.00|0.00|0.00|4.00|1.00|0.00|0.00|0.00|0.00|0.00|0.00|
PIC16F648A|91.00|7.00|4.00|1.00|0.00|1.00|0.00|1.00|1.00|0.00|0.00|0.00|0.00|0.00|0.00|
PIC16F84|10.00|25.00|4.00|0.00|0.00|2.00|0.00|0.00|0.00|2.00|0.00|0.00|0.00|0.00|0.00|
PIC16F873|2.00|0.00|1.00|0.00|0.00|0.00|0.00|0.00|1.00|0.00|0.00|0.00|0.00|0.00|0.00|
PIC16F876|45.00|1.00|1.00|0.00|1.00|0.00|0.00|0.00|0.00|0.00|0.00|0.00|0.00|0.00|0.00|
PIC16F877A|150.00|4.00|2.00|0.00|0.00|0.00|0.00|1.00|1.00|0.00|0.00|0.00|0.00|0.00|0.00|
PIC16F886|94.00|24.00|33.00|1.00|8.00|8.00|3.00|13.00|0.00|0.00|0.00|0.00|0.00|0.00|0.00|
PIC16F887|97.00|2.00|7.00|0.00|1.00|0.00|1.00|2.00|3.00|0.00|0.00|0.00|0.00|0.00|0.00|
PIC18F2550|84.00|2.00|1.00|0.00|0.00|0.00|0.00|1.00|0.00|0.00|0.00|0.00|0.00|0.00|0.00|
PIC18F4550|138.00|1.00|3.00|0.00|0.00|1.00|0.00|2.00|0.00|0.00|0.00|0.00|0.00|0.00|0.00|
PIEZOELECTRICO|195.00|22.00|11.00|0.00|0.00|8.00|1.00|2.00|0.00|0.00|0.00|0.00|0.00|0.00|0.00|
PILA-AAAVOLTECH|44.00|6.00|3.00|0.00|3.00|0.00|0.00|0.00|0.00|0.00|0.00|0.00|0.00|0.00|0.00|
PILA-AAVOLTECH|90.00|12.00|30.00|0.00|4.00|4.00|4.00|16.00|2.00|0.00|0.00|0.00|0.00|0.00|0.00|
PILA1.5V|20.00|0.00|1.00|1.00|0.00|0.00|0.00|0.00|0.00|0.00|0.00|0.00|0.00|0.00|0.00|
PILA3VCR2016|89.00|0.00|4.00|0.00|0.00|0.00|0.00|4.00|0.00|0.00|0.00|0.00|0.00|0.00|0.00|
PILA3VCR2025|12.00|0.00|4.00|0.00|0.00|0.00|0.00|4.00|0.00|0.00|0.00|0.00|0.00|0.00|0.00|
PILA3VCR2032|13.00|4.00|7.00|0.00|1.00|1.00|5.00|0.00|0.00|0.00|0.00|0.00|0.00|0.00|0.00|
PILA9VVOLTECH|50.00|10.00|130.00|13.00|28.00|22.00|9.00|45.00|12.00|1.00|0.00|0.00|0.00|0.00|0.00|
PINZAS-RJ45|7.00|6.00|10.00|0.00|9.00|1.00|0.00|0.00|0.00|0.00|0.00|0.00|0.00|0.00|0.00|
PINZASCORTE|6.00|5.00|11.00|5.00|2.00|2.00|1.00|0.00|1.00|0.00|0.00|0.00|0.00|0.00|0.00|
PINZASCORTE-ELECTRO|6.00|2.00|4.00|1.00|0.00|2.00|1.00|0.00|0.00|0.00|0.00|0.00|0.00|0.00|0.00|
PINZASPELACABLE|1.00|2.00|2.00|0.00|0.00|1.00|1.00|0.00|0.00|0.00|0.00|0.00|0.00|0.00|0.00|
PINZASPUNTA|14.00|13.00|7.00|2.00|1.00|2.00|0.00|1.00|1.00|0.00|0.00|0.00|0.00|0.00|0.00|
PINZASPUNTAYCORTE|18.00|18.00|2.00|1.00|0.00|1.00|0.00|0.00|0.00|0.00|0.00|0.00|0.00|0.00|0.00|
PLACA10X10|257.00|45.00|214.00|3.00|63.00|32.00|38.00|67.00|9.00|2.00|0.00|0.00|0.00|0.00|0.00|
PLACA10X10DC|1.00|4.00|1.00|0.00|0.00|0.00|0.00|1.00|0.00|0.00|0.00|0.00|0.00|0.00|0.00|
PLACA10X10FV|51.00|2.00|9.00|0.00|0.00|2.00|1.00|5.00|1.00|0.00|0.00|0.00|0.00|0.00|0.00|
PLACA10X15|230.00|18.00|68.00|0.00|7.00|11.00|16.00|29.00|5.00|0.00|0.00|0.00|0.00|0.00|0.00|
PLACA10X15DC|18.00|0.00|3.00|0.00|0.00|0.00|1.00|2.00|0.00|0.00|0.00|0.00|0.00|0.00|0.00|
PLACA10X15FV|0.00|1.00|1.00|0.00|0.00|1.00|0.00|0.00|0.00|0.00|0.00|0.00|0.00|0.00|0.00|
PLACA15X15|38.00|7.00|1.00|0.00|1.00|0.00|0.00|0.00|0.00|0.00|0.00|0.00|0.00|0.00|0.00|
PLACA15X15FV|21.00|5.00|7.00|0.00|0.00|0.00|4.00|0.00|3.00|0.00|0.00|0.00|0.00|0.00|0.00|
PLACA20X20|30.00|8.00|25.00|0.00|0.00|1.00|5.00|19.00|0.00|0.00|0.00|0.00|0.00|0.00|0.00|
PLACA20X20FV|0.00|0.00|1.00|0.00|0.00|0.00|0.00|1.00|0.00|0.00|0.00|0.00|0.00|0.00|0.00|
PLACA30X30DC|0.00|1.00|1.00|0.00|0.00|1.00|0.00|0.00|0.00|0.00|0.00|0.00|0.00|0.00|0.00|
PLACA5X10|192.00|41.00|164.00|0.00|33.00|51.00|53.00|26.00|1.00|0.00|0.00|0.00|0.00|0.00|0.00|
PLACA5X5|234.00|37.00|266.00|8.00|82.00|58.00|70.00|46.00|2.00|0.00|0.00|0.00|0.00|0.00|0.00|
PLACA5X5FV|6.00|22.00|1.00|0.00|0.00|0.00|1.00|0.00|0.00|0.00|0.00|0.00|0.00|0.00|0.00|
PLACAPER5X5|51.00|0.00|17.00|0.00|1.00|11.00|1.00|4.00|0.00|0.00|0.00|0.00|0.00|0.00|0.00|
PLACAPERF405|25.00|26.00|21.00|0.00|0.00|9.00|1.00|3.00|7.00|1.00|0.00|0.00|0.00|0.00|0.00|
PLACAPERF600|0.00|0.00|2.00|0.00|0.00|1.00|1.00|0.00|0.00|0.00|0.00|0.00|0.00|0.00|0.00|
PLACAPERFTPRO|0.00|0.00|10.00|0.00|3.00|7.00|0.00|0.00|0.00|0.00|0.00|0.00|0.00|0.00|0.00|
PLACAPERFTPRO-400|53.00|17.00|15.00|0.00|0.00|3.00|1.00|9.00|2.00|0.00|0.00|0.00|0.00|0.00|0.00|
PLUG3.5MM-ESTEREO|33.00|21.00|6.00|0.00|0.00|1.00|1.00|1.00|3.00|0.00|0.00|0.00|0.00|0.00|0.00|
PLUG3.5MM-VIDEO|11.00|0.00|6.00|0.00|0.00|0.00|2.00|1.00|3.00|0.00|0.00|0.00|0.00|0.00|0.00|
PLUGRCA-R|6.00|0.00|5.00|0.00|5.00|0.00|0.00|0.00|0.00|0.00|0.00|0.00|0.00|0.00|0.00|
PNA4602M|7.00|8.00|4.00|0.00|0.00|0.00|0.00|4.00|0.00|0.00|0.00|0.00|0.00|0.00|0.00|
POLEA01|0.00|0.00|1.00|0.00|0.00|0.00|1.00|0.00|0.00|0.00|0.00|0.00|0.00|0.00|0.00|
POLEA02|0.00|0.00|1.00|0.00|0.00|0.00|1.00|0.00|0.00|0.00|0.00|0.00|0.00|0.00|0.00|
POLEAGDE|(null)|0.00|5.00|0.00|2.00|0.00|3.00|0.00|0.00|0.00|0.00|0.00|0.00|0.00|0.00|
PORTAFUPRESION-TA|42.00|14.00|2.00|2.00|0.00|0.00|0.00|0.00|0.00|0.00|0.00|0.00|0.00|0.00|0.00|
PORTAFUPRESION-TE|53.00|20.00|6.00|6.00|0.00|0.00|0.00|0.00|0.00|0.00|0.00|0.00|0.00|0.00|0.00|
PORTAFUROSCA-TA|23.00|17.00|7.00|0.00|2.00|0.00|0.00|4.00|0.00|1.00|0.00|0.00|0.00|0.00|0.00|
PORTAFUROSCA-TE|78.00|17.00|58.00|0.00|4.00|0.00|2.00|52.00|0.00|0.00|0.00|0.00|0.00|0.00|0.00|
PORTAPILA2-M|27.00|4.00|5.00|0.00|1.00|2.00|0.00|2.00|0.00|0.00|0.00|0.00|0.00|0.00|0.00|
PORTAPILA4-M|33.00|6.00|5.00|1.00|0.00|1.00|0.00|2.00|1.00|0.00|0.00|0.00|0.00|0.00|0.00|
PORTAPILAPLANA|46.00|1.00|13.00|0.00|0.00|0.00|5.00|4.00|0.00|4.00|0.00|0.00|0.00|0.00|0.00|
POSCILOSCOPIO|196.00|1.00|25.00|0.00|0.00|0.00|0.00|25.00|0.00|0.00|0.00|0.00|0.00|0.00|0.00|
POT100K|0.00|33.00|96.00|2.00|24.00|5.00|16.00|37.00|11.00|1.00|0.00|0.00|0.00|0.00|0.00|
POT10K|720.00|54.00|133.00|16.00|24.00|20.00|24.00|37.00|11.00|1.00|0.00|0.00|0.00|0.00|0.00|
POT1K|46.00|24.00|27.00|4.00|4.00|5.00|2.00|3.00|9.00|0.00|0.00|0.00|0.00|0.00|0.00|
POT20K|89.00|33.00|23.00|0.00|1.00|0.00|6.00|15.00|1.00|0.00|0.00|0.00|0.00|0.00|0.00|
POT250K|22.00|12.00|6.00|0.00|0.00|0.00|0.00|5.00|1.00|0.00|0.00|0.00|0.00|0.00|0.00|
POT2K|87.00|15.00|2.00|0.00|2.00|0.00|0.00|0.00|0.00|0.00|0.00|0.00|0.00|0.00|0.00|
POT500K|318.00|19.00|13.00|0.00|0.00|9.00|0.00|3.00|1.00|0.00|0.00|0.00|0.00|0.00|0.00|
POT50K|13.00|16.00|48.00|5.00|19.00|1.00|6.00|14.00|3.00|0.00|0.00|0.00|0.00|0.00|0.00|
POT5K|943.00|61.00|105.00|6.00|30.00|11.00|14.00|35.00|9.00|0.00|0.00|0.00|0.00|0.00|0.00|
POTDOBLE10K|49.00|3.00|3.00|2.00|0.00|0.00|0.00|0.00|1.00|0.00|0.00|0.00|0.00|0.00|0.00|
PROBADOR-RJ45|0.00|1.00|1.00|0.00|1.00|0.00|0.00|0.00|0.00|0.00|0.00|0.00|0.00|0.00|0.00|
PROBADOR-RJ45ECO|0.00|2.00|3.00|0.00|3.00|0.00|0.00|0.00|0.00|0.00|0.00|0.00|0.00|0.00|0.00|
PROTO-005|231.00|2.00|14.00|2.00|2.00|2.00|4.00|2.00|1.00|1.00|0.00|0.00|0.00|0.00|0.00|
PROTO-010|0.00|0.00|1.00|0.00|0.00|0.00|0.00|1.00|0.00|0.00|0.00|0.00|0.00|0.00|0.00|
PROTO-016|618.00|9.00|45.00|13.00|7.00|14.00|4.00|4.00|3.00|0.00|0.00|0.00|0.00|0.00|0.00|
PROTO-102|557.00|30.00|46.00|6.00|9.00|17.00|8.00|4.00|2.00|0.00|0.00|0.00|0.00|0.00|0.00|
PROTO-103|20.00|3.00|10.00|0.00|0.00|3.00|2.00|4.00|1.00|0.00|0.00|0.00|0.00|0.00|0.00|
PROYECTO|3.00|0.00|5.00|0.00|0.00|0.00|0.00|5.00|0.00|0.00|0.00|0.00|0.00|0.00|0.00|
PUEDIO2A|147.00|35.00|79.00|0.00|25.00|6.00|5.00|37.00|6.00|0.00|0.00|0.00|0.00|0.00|0.00|
PUEDIO4A|113.00|11.00|22.00|0.00|2.00|2.00|0.00|18.00|0.00|0.00|0.00|0.00|0.00|0.00|0.00|
PUEDIO6A|3.00|0.00|3.00|0.00|1.00|0.00|0.00|1.00|1.00|0.00|0.00|0.00|0.00|0.00|0.00|
PULSERA|0.00|8.00|1.00|0.00|1.00|0.00|0.00|0.00|0.00|0.00|0.00|0.00|0.00|0.00|0.00|
PUNTALOG1|0.00|0.00|1.00|0.00|0.00|0.00|0.00|1.00|0.00|0.00|0.00|0.00|0.00|0.00|0.00|
PUNTAMULTI|37.00|2.00|2.00|0.00|1.00|0.00|0.00|0.00|1.00|0.00|0.00|0.00|0.00|0.00|0.00|
PUNTAMULTI02|0.00|0.00|2.00|1.00|1.00|0.00|0.00|0.00|0.00|0.00|0.00|0.00|0.00|0.00|0.00|
PUNTAMULTI03|25.00|0.00|53.00|0.00|0.00|1.00|1.00|51.00|0.00|0.00|0.00|0.00|0.00|0.00|0.00|
PUNTAOSC2|1248.00|6.00|8.00|0.00|8.00|0.00|0.00|0.00|0.00|0.00|0.00|0.00|0.00|0.00|0.00|
PUNTB/B|62.00|83.00|37.00|0.00|26.00|4.00|1.00|3.00|3.00|0.00|0.00|0.00|0.00|0.00|0.00|
PUNTB/B-APILABLE|483.00|0.50|10.00|4.00|3.00|2.50|0.00|0.50|0.00|0.00|0.00|0.00|0.00|0.00|0.00|
PUNTB/C|740.00|5.00|10.00|0.00|5.00|2.00|2.00|1.00|0.00|0.00|0.00|0.00|0.00|0.00|0.00|
PUNTBNC/BNC|243.00|5.00|2.00|0.00|1.00|0.00|0.00|1.00|0.00|0.00|0.00|0.00|0.00|0.00|0.00|
PUNTC/C|218.00|62.00|74.00|10.00|26.50|22.00|6.00|5.50|4.00|0.00|0.00|0.00|0.00|0.00|0.00|
PUNTREB/C|(null)|10.00|15.00|2.00|13.00|0.00|0.00|0.00|0.00|0.00|0.00|0.00|0.00|0.00|0.00|
PUSH2P|6493.00|666.00|952.00|29.00|211.00|236.00|240.00|187.00|48.00|1.00|0.00|0.00|0.00|0.00|0.00|
PUSH4P|2427.00|97.00|13.00|0.00|0.00|0.00|0.00|10.00|3.00|0.00|0.00|0.00|0.00|0.00|0.00|
PUSHCUADGDE-AZU|0.00|0.00|1.00|0.00|0.00|0.00|0.00|1.00|0.00|0.00|0.00|0.00|0.00|0.00|0.00|
PUSHCUADRADO|6.00|4.00|4.00|0.00|1.00|0.00|0.00|2.00|1.00|0.00|0.00|0.00|0.00|0.00|0.00|
PUSHGDE-AM|12.00|3.00|7.00|0.00|0.00|0.00|0.00|7.00|0.00|0.00|0.00|0.00|0.00|0.00|0.00|
PUSHGDE-AZ|11.00|3.00|5.00|0.00|0.00|0.00|0.00|5.00|0.00|0.00|0.00|0.00|0.00|0.00|0.00|
PUSHGDE-VER|4.00|1.00|3.00|0.00|0.00|0.00|0.00|3.00|0.00|0.00|0.00|0.00|0.00|0.00|0.00|
PUSHNEGRO|233.00|57.00|115.00|19.00|34.00|24.00|4.00|30.00|4.00|0.00|0.00|0.00|0.00|0.00|0.00|
PUSHROJO|131.00|46.00|83.00|13.00|33.00|23.00|0.00|10.00|4.00|0.00|0.00|0.00|0.00|0.00|0.00|
Q4008|7.00|20.00|37.00|7.00|9.00|0.00|1.00|19.00|1.00|0.00|0.00|0.00|0.00|0.00|0.00|
QRD1114|49.00|15.00|152.00|0.00|8.00|23.00|8.00|113.00|0.00|0.00|0.00|0.00|0.00|0.00|0.00|
R1.2Kw1/2|5183.00|160.00|50.00|5.00|5.00|5.00|5.00|0.00|25.00|5.00|0.00|0.00|0.00|0.00|0.00|
R1.2Kw2|484.00|52.00|4.00|0.00|4.00|0.00|0.00|0.00|0.00|0.00|0.00|0.00|0.00|0.00|0.00|
R1.2Mw1/2|3023.00|100.00|5.00|0.00|5.00|0.00|0.00|0.00|0.00|0.00|0.00|0.00|0.00|0.00|0.00|
R1.5Kw1/2|7659.00|90.00|50.00|0.00|20.00|15.00|5.00|5.00|5.00|0.00|0.00|0.00|0.00|0.00|0.00|
R1.5Mw1/2|8000.00|80.00|5.00|0.00|5.00|0.00|0.00|0.00|0.00|0.00|0.00|0.00|0.00|0.00|0.00|
R1.8Kw1/2|4905.00|110.00|30.00|15.00|0.00|0.00|5.00|10.00|0.00|0.00|0.00|0.00|0.00|0.00|0.00|
R100Kw1/2|13163.00|110.00|315.00|0.00|30.00|60.00|90.00|100.00|35.00|0.00|0.00|0.00|0.00|0.00|0.00|
R100w1|784.00|30.00|7.00|0.00|5.00|0.00|0.00|1.00|1.00|0.00|0.00|0.00|0.00|0.00|0.00|
R100w1/2|9269.00|3790.00|955.00|145.00|400.00|110.00|180.00|95.00|25.00|0.00|0.00|0.00|0.00|0.00|0.00|
R100w2|282.00|8.00|4.00|0.00|3.00|0.00|0.00|0.00|1.00|0.00|0.00|0.00|0.00|0.00|0.00|
R100w25|218.00|16.00|2.00|0.00|0.00|0.00|0.00|2.00|0.00|0.00|0.00|0.00|0.00|0.00|0.00|
R10Kw1|431.00|53.00|1.00|0.00|0.00|0.00|0.00|1.00|0.00|0.00|0.00|0.00|0.00|0.00|0.00|
R10Kw1/2|40494.00|838.00|1450.00|60.00|235.00|220.00|150.00|660.00|120.00|5.00|0.00|0.00|0.00|0.00|0.00|
R10Kw10|0.00|7.00|1.00|0.00|0.00|0.00|0.00|1.00|0.00|0.00|0.00|0.00|0.00|0.00|0.00|
R10Kw2|93.00|0.00|9.00|0.00|0.00|0.00|0.00|7.00|2.00|0.00|0.00|0.00|0.00|0.00|0.00|
R10Kw5|1.00|4.00|3.00|0.00|0.00|0.00|0.00|3.00|0.00|0.00|0.00|0.00|0.00|0.00|0.00|
R10Mw1/2|6860.00|140.00|50.00|0.00|45.00|0.00|0.00|5.00|0.00|0.00|0.00|0.00|0.00|0.00|0.00|
R10w1|727.00|5.00|8.00|0.00|0.00|3.00|5.00|0.00|0.00|0.00|0.00|0.00|0.00|0.00|0.00|
R10w1/2|5290.00|165.00|45.00|0.00|10.00|5.00|0.00|30.00|0.00|0.00|0.00|0.00|0.00|0.00|0.00|
R10w10|99.00|10.00|1.00|0.00|0.00|1.00|0.00|0.00|0.00|0.00|0.00|0.00|0.00|0.00|0.00|
R120w1|521.00|7.00|7.00|0.00|1.00|1.00|5.00|0.00|0.00|0.00|0.00|0.00|0.00|0.00|0.00|
R120w1/2|5525.00|75.00|75.00|0.00|25.00|15.00|15.00|20.00|0.00|0.00|0.00|0.00|0.00|0.00|0.00|
R12Kw1/2|8805.00|195.00|75.00|25.00|0.00|15.00|20.00|10.00|0.00|5.00|0.00|0.00|0.00|0.00|0.00|
R150Kw1/2|5220.00|70.00|35.00|0.00|0.00|0.00|0.00|15.00|20.00|0.00|0.00|0.00|0.00|0.00|0.00|
R150w1|569.00|9.00|1.00|0.00|0.00|1.00|0.00|0.00|0.00|0.00|0.00|0.00|0.00|0.00|0.00|
R150w1/2|4330.00|130.00|70.00|5.00|0.00|10.00|35.00|15.00|5.00|0.00|0.00|0.00|0.00|0.00|0.00|
R15Kw1/2|5754.00|165.00|65.00|25.00|10.00|10.00|0.00|5.00|10.00|5.00|0.00|0.00|0.00|0.00|0.00|
R15w1/2|7730.00|180.00|5.00|0.00|0.00|5.00|0.00|0.00|0.00|0.00|0.00|0.00|0.00|0.00|0.00|
R180Kw1/2|6515.00|680.00|15.00|10.00|0.00|0.00|5.00|0.00|0.00|0.00|0.00|0.00|0.00|0.00|0.00|
R180w1|622.00|10.00|9.00|0.00|0.00|1.00|8.00|0.00|0.00|0.00|0.00|0.00|0.00|0.00|0.00|
R180w1/2|18460.00|270.00|235.00|85.00|95.00|25.00|0.00|30.00|0.00|0.00|0.00|0.00|0.00|0.00|0.00|
R18Kw1/2|3975.00|145.00|16.00|0.00|0.00|0.00|6.00|5.00|5.00|0.00|0.00|0.00|0.00|0.00|0.00|
R1Kw1|8.00|10.00|38.00|0.00|2.00|0.00|30.00|6.00|0.00|0.00|0.00|0.00|0.00|0.00|0.00|
R1Kw1/2|32689.00|2568.00|3751.00|350.00|645.00|945.00|660.00|971.00|165.00|15.00|0.00|0.00|0.00|0.00|0.00|
R1Kw10|71.00|3.00|5.00|0.00|0.00|0.00|0.00|1.00|4.00|0.00|0.00|0.00|0.00|0.00|0.00|
R1Kw2|33.00|43.00|6.00|0.00|2.00|0.00|0.00|4.00|0.00|0.00|0.00|0.00|0.00|0.00|0.00|
R1Kw25|91.00|0.00|1.00|0.00|0.00|0.00|0.00|1.00|0.00|0.00|0.00|0.00|0.00|0.00|0.00|
R1Kw5|155.00|17.00|11.00|10.00|0.00|0.00|0.00|1.00|0.00|0.00|0.00|0.00|0.00|0.00|0.00|
R1Mw1|3.00|16.00|8.00|0.00|0.00|0.00|0.00|8.00|0.00|0.00|0.00|0.00|0.00|0.00|0.00|
R1Mw1/2|4509.00|19.00|105.00|5.00|40.00|20.00|0.00|30.00|10.00|0.00|0.00|0.00|0.00|0.00|0.00|
R1w1|411.00|49.00|2.00|0.00|0.00|2.00|0.00|0.00|0.00|0.00|0.00|0.00|0.00|0.00|0.00|
R1w1/2|681.00|130.00|65.00|0.00|5.00|10.00|0.00|40.00|10.00|0.00|0.00|0.00|0.00|0.00|0.00|
R1w10|88.00|0.00|2.00|0.00|0.00|2.00|0.00|0.00|0.00|0.00|0.00|0.00|0.00|0.00|0.00|
R2.2Kw1|352.00|17.00|4.00|0.00|1.00|0.00|0.00|3.00|0.00|0.00|0.00|0.00|0.00|0.00|0.00|
R2.2Kw1/2|11540.00|525.00|315.00|55.00|90.00|40.00|65.00|65.00|0.00|0.00|0.00|0.00|0.00|0.00|0.00|
R2.2Kw10|1.00|20.00|2.00|0.00|2.00|0.00|0.00|0.00|0.00|0.00|0.00|0.00|0.00|0.00|0.00|
R2.2Kw2|78.00|0.00|1.00|0.00|0.00|0.00|0.00|1.00|0.00|0.00|0.00|0.00|0.00|0.00|0.00|
R2.2Mw1/2|2975.00|165.00|25.00|10.00|5.00|0.00|0.00|10.00|0.00|0.00|0.00|0.00|0.00|0.00|0.00|
R2.7Kw1/2|2905.00|94.00|61.00|0.00|10.00|15.00|11.00|25.00|0.00|0.00|0.00|0.00|0.00|0.00|0.00|
R2.7w1/2|3145.00|0.00|5.00|0.00|0.00|0.00|5.00|0.00|0.00|0.00|0.00|0.00|0.00|0.00|0.00|
R220Kw1/2|7975.00|185.00|60.00|0.00|30.00|10.00|10.00|10.00|0.00|0.00|0.00|0.00|0.00|0.00|0.00|
R220w1|701.00|22.00|15.00|0.00|3.00|3.00|1.00|8.00|0.00|0.00|0.00|0.00|0.00|0.00|0.00|
R220w1/2|33294.00|2689.00|1890.00|310.00|630.00|210.00|245.00|390.00|100.00|5.00|0.00|0.00|0.00|0.00|0.00|
R220w2|160.00|15.00|2.00|0.00|0.00|0.00|0.00|2.00|0.00|0.00|0.00|0.00|0.00|0.00|0.00|
R22Kw1/2|3555.00|190.00|265.00|10.00|90.00|50.00|50.00|55.00|5.00|5.00|0.00|0.00|0.00|0.00|0.00|
R22w1/2|2930.00|65.00|35.00|0.00|5.00|15.00|0.00|10.00|5.00|0.00|0.00|0.00|0.00|0.00|0.00|
R22w10|3.00|9.00|1.00|0.00|0.00|0.00|0.00|1.00|0.00|0.00|0.00|0.00|0.00|0.00|0.00|
R270Kw1/2|6190.00|110.00|81.00|0.00|0.00|10.00|11.00|60.00|0.00|0.00|0.00|0.00|0.00|0.00|0.00|
R270w1|290.00|14.00|6.00|0.00|0.00|0.00|6.00|0.00|0.00|0.00|0.00|0.00|0.00|0.00|0.00|
R270w1/2|4725.00|60.00|76.00|0.00|25.00|15.00|25.00|11.00|0.00|0.00|0.00|0.00|0.00|0.00|0.00|
R27Kw1/2|10745.00|245.00|10.00|0.00|5.00|0.00|0.00|5.00|0.00|0.00|0.00|0.00|0.00|0.00|0.00|
R27w1/2|4610.00|235.00|5.00|0.00|0.00|5.00|0.00|0.00|0.00|0.00|0.00|0.00|0.00|0.00|0.00|
R3.3Kw1|678.00|23.00|11.00|0.00|1.00|0.00|0.00|10.00|0.00|0.00|0.00|0.00|0.00|0.00|0.00|
R3.3Kw1/2|9490.00|20.00|95.00|0.00|15.00|40.00|20.00|15.00|5.00|0.00|0.00|0.00|0.00|0.00|0.00|
R3.3Kw2|7.00|0.00|10.00|0.00|0.00|0.00|0.00|10.00|0.00|0.00|0.00|0.00|0.00|0.00|0.00|
R3.3w1|0.00|0.00|2.00|0.00|0.00|0.00|2.00|0.00|0.00|0.00|0.00|0.00|0.00|0.00|0.00|
R3.3w1/2|2525.00|90.00|5.00|0.00|0.00|0.00|0.00|0.00|5.00|0.00|0.00|0.00|0.00|0.00|0.00|
R3.9Kw1/2|3459.00|80.00|40.00|0.00|15.00|0.00|0.00|10.00|0.00|15.00|0.00|0.00|0.00|0.00|0.00|
R330Kw1/2|50.00|80.00|155.00|0.00|65.00|0.00|5.00|85.00|0.00|0.00|0.00|0.00|0.00|0.00|0.00|
R330w1|452.00|11.00|20.00|0.00|1.00|1.00|1.00|17.00|0.00|0.00|0.00|0.00|0.00|0.00|0.00|
R330w1/2|30627.00|4130.00|3830.00|340.00|820.00|405.00|756.00|1160.00|314.00|35.00|0.00|0.00|0.00|0.00|0.00|
R330w10|168.00|10.00|1.00|0.00|0.00|0.00|0.00|1.00|0.00|0.00|0.00|0.00|0.00|0.00|0.00|
R330w2|50.00|25.00|1.00|0.00|0.00|0.00|0.00|1.00|0.00|0.00|0.00|0.00|0.00|0.00|0.00|
R330w5|10.00|30.00|9.00|0.00|3.00|0.00|5.00|1.00|0.00|0.00|0.00|0.00|0.00|0.00|0.00|
R33Kw1/2|6190.00|295.00|90.00|0.00|25.00|25.00|10.00|15.00|15.00|0.00|0.00|0.00|0.00|0.00|0.00|
R33w1/2|6265.00|60.00|6.00|0.00|0.00|1.00|5.00|0.00|0.00|0.00|0.00|0.00|0.00|0.00|0.00|
R33w5|3.00|20.00|2.00|0.00|0.00|0.00|2.00|0.00|0.00|0.00|0.00|0.00|0.00|0.00|0.00|
R390Kw1/2|7500.00|770.00|10.00|0.00|10.00|0.00|0.00|0.00|0.00|0.00|0.00|0.00|0.00|0.00|0.00|
R390w1/2|7715.00|115.00|35.00|0.00|10.00|10.00|10.00|0.00|5.00|0.00|0.00|0.00|0.00|0.00|0.00|
R39Kw1/2|5025.00|195.00|65.00|0.00|0.00|5.00|5.00|55.00|0.00|0.00|0.00|0.00|0.00|0.00|0.00|
R39w1/2|2780.00|75.00|10.00|0.00|5.00|5.00|0.00|0.00|0.00|0.00|0.00|0.00|0.00|0.00|0.00|
R4.7Kw1/2|18305.00|490.00|805.00|55.00|135.00|100.00|100.00|390.00|25.00|0.00|0.00|0.00|0.00|0.00|0.00|
R4.7Kw2|336.00|0.00|1.00|0.00|0.00|0.00|1.00|0.00|0.00|0.00|0.00|0.00|0.00|0.00|0.00|
R4.7Kw5|13.00|12.00|1.00|0.00|0.00|0.00|0.00|1.00|0.00|0.00|0.00|0.00|0.00|0.00|0.00|
R4.7w1/2|7660.00|380.00|30.00|0.00|10.00|5.00|0.00|10.00|5.00|0.00|0.00|0.00|0.00|0.00|0.00|
R470Kw1/2|5250.00|210.00|110.00|5.00|65.00|15.00|0.00|25.00|0.00|0.00|0.00|0.00|0.00|0.00|0.00|
R470w1/2|11565.00|1165.00|830.00|75.00|270.00|45.00|210.00|175.00|40.00|15.00|0.00|0.00|0.00|0.00|0.00|
R47Kw1/2|6075.00|245.00|30.00|0.00|5.00|10.00|10.00|5.00|0.00|0.00|0.00|0.00|0.00|0.00|0.00|
R47w1/2|4835.00|95.00|50.00|0.00|20.00|15.00|5.00|10.00|0.00|0.00|0.00|0.00|0.00|0.00|0.00|
R47w25|174.00|22.00|1.00|0.00|0.00|0.00|0.00|1.00|0.00|0.00|0.00|0.00|0.00|0.00|0.00|
R5.6Kw1/2|4730.00|85.00|110.00|0.00|5.00|60.00|25.00|10.00|5.00|5.00|0.00|0.00|0.00|0.00|0.00|
R5.6Mw1/2|4130.00|140.00|125.00|0.00|0.00|0.00|125.00|0.00|0.00|0.00|0.00|0.00|0.00|0.00|0.00|
R5.6w1/2|2935.00|40.00|5.00|5.00|0.00|0.00|0.00|0.00|0.00|0.00|0.00|0.00|0.00|0.00|0.00|
R560w1/2|7954.00|264.00|400.00|85.00|180.00|25.00|25.00|60.00|25.00|0.00|0.00|0.00|0.00|0.00|0.00|
R56Kw1/2|5985.00|10.00|36.00|0.00|5.00|0.00|11.00|5.00|15.00|0.00|0.00|0.00|0.00|0.00|0.00|
R56w1/2|5429.00|30.00|25.00|0.00|10.00|0.00|0.00|5.00|10.00|0.00|0.00|0.00|0.00|0.00|0.00|
R6.8Kw1/2|4765.00|185.00|75.00|0.00|25.00|20.00|20.00|5.00|0.00|5.00|0.00|0.00|0.00|0.00|0.00|
R6.8Mw1/2|3320.00|130.00|10.00|10.00|0.00|0.00|0.00|0.00|0.00|0.00|0.00|0.00|0.00|0.00|0.00|
R680w1|13.00|16.00|2.00|0.00|0.00|0.00|0.00|2.00|0.00|0.00|0.00|0.00|0.00|0.00|0.00|
R680w1/2|10280.00|1075.00|245.00|0.00|105.00|45.00|5.00|70.00|20.00|0.00|0.00|0.00|0.00|0.00|0.00|
R68Kw1/2|3290.00|95.00|15.00|0.00|10.00|5.00|0.00|0.00|0.00|0.00|0.00|0.00|0.00|0.00|0.00|
R68w1/2|2685.00|280.00|10.00|0.00|0.00|0.00|10.00|0.00|0.00|0.00|0.00|0.00|0.00|0.00|0.00|
R8.2Kw1/2|3360.00|185.00|70.00|5.00|15.00|0.00|20.00|25.00|0.00|5.00|0.00|0.00|0.00|0.00|0.00|
R8.2w1/2|5395.00|55.00|5.00|0.00|0.00|0.00|0.00|5.00|0.00|0.00|0.00|0.00|0.00|0.00|0.00|
R8.2w2|1.00|1.00|1.00|0.00|0.00|0.00|0.00|1.00|0.00|0.00|0.00|0.00|0.00|0.00|0.00|
R820w1/2|8239.00|150.00|80.00|0.00|15.00|10.00|5.00|45.00|5.00|0.00|0.00|0.00|0.00|0.00|0.00|
R82w1/2|2370.00|170.00|15.00|0.00|0.00|5.00|10.00|0.00|0.00|0.00|0.00|0.00|0.00|0.00|0.00|
REEDSWITCH|1862.00|134.00|72.00|0.00|0.00|0.00|65.00|4.00|3.00|0.00|0.00|0.00|0.00|0.00|0.00|
REEL12V|3.00|106.00|27.00|4.00|4.00|6.00|8.00|4.00|1.00|0.00|0.00|0.00|0.00|0.00|0.00|
REEL24V|2.00|33.00|30.00|0.00|0.00|0.00|0.00|30.00|0.00|0.00|0.00|0.00|0.00|0.00|0.00|
REEL5V|16.00|22.00|183.00|2.00|25.00|48.00|45.00|48.00|15.00|0.00|0.00|0.00|0.00|0.00|0.00|
REEL6V|45.00|45.00|29.00|2.00|12.00|3.00|6.00|3.00|3.00|0.00|0.00|0.00|0.00|0.00|0.00|
RUEDALOCAGDE|20.00|0.00|9.00|0.00|3.00|1.00|0.00|5.00|0.00|0.00|0.00|0.00|0.00|0.00|0.00|
SENSOR-DEALCOHOL|197.00|6.00|2.00|0.00|1.00|0.00|0.00|1.00|0.00|0.00|0.00|0.00|0.00|0.00|0.00|
SENSOR-HALL|43.00|7.00|14.00|0.00|7.00|5.00|1.00|1.00|0.00|0.00|0.00|0.00|0.00|0.00|0.00|
SENSOR-HUMEDADYTEMP|39.00|1.00|4.00|0.00|2.00|2.00|0.00|0.00|0.00|0.00|0.00|0.00|0.00|0.00|0.00|
SENSOR-HUMOYGAS|28.00|1.00|1.00|0.00|0.00|0.00|1.00|0.00|0.00|0.00|0.00|0.00|0.00|0.00|0.00|
SENSOR-INDUCTIVO|10.00|1.00|1.00|0.00|0.00|1.00|0.00|0.00|0.00|0.00|0.00|0.00|0.00|0.00|0.00|
SENSOR-INFRARROJO|94.00|8.00|10.00|0.00|0.00|7.00|0.00|3.00|0.00|0.00|0.00|0.00|0.00|0.00|0.00|
SENSOR-PIR|49.00|12.00|12.00|0.00|6.00|4.00|0.00|2.00|0.00|0.00|0.00|0.00|0.00|0.00|0.00|
SENSOR-SONIDO|52.00|1.00|2.00|0.00|0.00|0.00|1.00|1.00|0.00|0.00|0.00|0.00|0.00|0.00|0.00|
SENSOR-ULTRASONICO|95.00|13.00|6.00|0.00|0.00|3.00|2.00|1.00|0.00|0.00|0.00|0.00|0.00|0.00|0.00|
SERVOMG-945|40.00|0.00|2.00|0.00|0.00|0.00|0.00|2.00|0.00|0.00|0.00|0.00|0.00|0.00|0.00|
SERVOMG-995|0.00|9.00|2.00|0.00|0.00|0.00|1.00|1.00|0.00|0.00|0.00|0.00|0.00|0.00|0.00|
SINTRA3MM20X30|0.00|27.00|27.00|0.00|0.00|8.00|6.00|12.00|1.00|0.00|0.00|0.00|0.00|0.00|0.00|
SOCKETPRESION|0.00|21.00|5.00|0.00|0.00|0.00|0.00|3.00|2.00|0.00|0.00|0.00|0.00|0.00|0.00|
SOCKETROSCA|155.00|42.00|4.00|0.00|0.00|0.00|1.00|3.00|0.00|0.00|0.00|0.00|0.00|0.00|0.00|
SOLDADURA|303.50|145.00|552.00|7.00|38.00|34.00|55.00|384.00|31.00|3.00|0.00|0.00|0.00|0.00|0.00|
SOQUETBAYONETA|20.00|0.00|2.00|0.00|0.00|1.00|0.00|1.00|0.00|0.00|0.00|0.00|0.00|0.00|0.00|
SOQUETBLANCO|85.00|6.00|2.00|0.00|0.00|0.00|2.00|0.00|0.00|0.00|0.00|0.00|0.00|0.00|0.00|
SOQUETFOCO7.5W|184.00|8.00|2.00|0.00|0.00|2.00|0.00|0.00|0.00|0.00|0.00|0.00|0.00|0.00|0.00|
SUJETADOR-15|212.00|0.00|3.00|0.00|0.00|0.00|0.00|3.00|0.00|0.00|0.00|0.00|0.00|0.00|0.00|
SUJETADOR-20|87.00|7.00|10.00|0.00|0.00|10.00|0.00|0.00|0.00|0.00|0.00|0.00|0.00|0.00|0.00|
TALADROMANUAL|8.00|4.00|27.00|2.00|6.00|7.00|5.00|7.00|0.00|0.00|0.00|0.00|0.00|0.00|0.00|
TCRT5000|36.00|11.00|2.00|0.00|0.00|2.00|0.00|0.00|0.00|0.00|0.00|0.00|0.00|0.00|0.00|
TDA2003|20.00|1.00|1.00|0.00|0.00|0.00|0.00|0.00|1.00|0.00|0.00|0.00|0.00|0.00|0.00|
TECLADOMEM|87.00|3.00|12.00|0.00|2.00|1.00|1.00|3.00|5.00|0.00|0.00|0.00|0.00|0.00|0.00|
TERMINAL|9187.00|89.00|25.00|0.00|0.00|6.00|0.00|19.00|0.00|0.00|0.00|0.00|0.00|0.00|0.00|
TERMINAL-P150|9556.00|20.00|1.00|0.00|0.00|0.00|0.00|1.00|0.00|0.00|0.00|0.00|0.00|0.00|0.00|
TERMISTOR10K|423.00|26.00|11.00|0.00|11.00|0.00|0.00|0.00|0.00|0.00|0.00|0.00|0.00|0.00|0.00|
TERMISTOR5K|0.00|2.00|3.00|0.00|3.00|0.00|0.00|0.00|0.00|0.00|0.00|0.00|0.00|0.00|0.00|
THERMOFIT1/16|0.00|0.00|5.00|0.00|1.00|3.00|1.00|0.00|0.00|0.00|0.00|0.00|0.00|0.00|0.00|
THERMOFIT1/4|171.00|32.00|14.00|1.00|0.00|0.00|6.00|6.00|0.00|1.00|0.00|0.00|0.00|0.00|0.00|
THERMOFIT1/8|155.50|51.00|11.00|1.00|2.00|0.00|4.00|2.00|2.00|0.00|0.00|0.00|0.00|0.00|0.00|
THERMOFIT3/16|8.00|0.00|1.00|0.00|0.00|0.00|1.00|0.00|0.00|0.00|0.00|0.00|0.00|0.00|0.00|
THERMOFIT3/32|45.50|55.00|14.00|0.00|0.00|3.00|2.00|9.00|0.00|0.00|0.00|0.00|0.00|0.00|0.00|
TIC106|27.00|27.00|5.00|2.00|1.00|0.00|0.00|0.00|2.00|0.00|0.00|0.00|0.00|0.00|0.00|
TIC226|0.00|28.00|25.00|14.00|7.00|1.00|0.00|1.00|2.00|0.00|0.00|0.00|0.00|0.00|0.00|
TIP110|48.00|24.00|1.00|0.00|0.00|0.00|0.00|1.00|0.00|0.00|0.00|0.00|0.00|0.00|0.00|
TIP115|5.00|6.00|2.00|0.00|0.00|0.00|2.00|0.00|0.00|0.00|0.00|0.00|0.00|0.00|0.00|
TIP120|0.00|31.00|102.00|0.00|29.00|34.00|5.00|34.00|0.00|0.00|0.00|0.00|0.00|0.00|0.00|
TIP122|40.00|55.00|14.00|0.00|0.00|8.00|0.00|2.00|4.00|0.00|0.00|0.00|0.00|0.00|0.00|
TIP142-TO220|0.00|24.00|14.00|0.00|0.00|2.00|12.00|0.00|0.00|0.00|0.00|0.00|0.00|0.00|0.00|
TIP145|0.00|16.00|4.00|0.00|0.00|0.00|4.00|0.00|0.00|0.00|0.00|0.00|0.00|0.00|0.00|
TIP147|0.00|0.00|1.00|0.00|0.00|0.00|1.00|0.00|0.00|0.00|0.00|0.00|0.00|0.00|0.00|
TIP29|35.00|17.00|2.00|0.00|0.00|2.00|0.00|0.00|0.00|0.00|0.00|0.00|0.00|0.00|0.00|
TIP2955|46.00|4.00|4.00|0.00|0.00|0.00|0.00|4.00|0.00|0.00|0.00|0.00|0.00|0.00|0.00|
TIP3055|29.00|4.00|4.00|0.00|0.00|0.00|0.00|4.00|0.00|0.00|0.00|0.00|0.00|0.00|0.00|
TIP31|471.00|31.00|20.00|0.00|0.00|8.00|3.00|7.00|0.00|2.00|0.00|0.00|0.00|0.00|0.00|
TIP32|183.00|7.00|6.00|0.00|0.00|4.00|0.00|2.00|0.00|0.00|0.00|0.00|0.00|0.00|0.00|
TIP41|316.00|43.00|232.00|33.00|33.00|80.00|25.00|51.00|10.00|0.00|0.00|0.00|0.00|0.00|0.00|
TIP42|236.00|35.00|27.00|0.00|7.00|0.00|2.00|18.00|0.00|0.00|0.00|0.00|0.00|0.00|0.00|
TIRADELEDSBLANCA|(null)|0.00|1.00|0.00|0.00|0.00|0.00|1.00|0.00|0.00|0.00|0.00|0.00|0.00|0.00|
TIRADELEDSVERDE|(null)|0.00|2.00|0.00|0.00|0.00|0.00|2.00|0.00|0.00|0.00|0.00|0.00|0.00|0.00|
TRA12V1A|24.00|1.00|4.00|0.00|2.00|0.00|1.00|1.00|0.00|0.00|0.00|0.00|0.00|0.00|0.00|
TRA12V2A|55.00|6.00|1.00|0.00|1.00|0.00|0.00|0.00|0.00|0.00|0.00|0.00|0.00|0.00|0.00|
TRA12V3A|6.00|0.00|2.00|0.00|1.00|0.00|0.00|1.00|0.00|0.00|0.00|0.00|0.00|0.00|0.00|
TRA12V500mA|18.00|0.00|2.00|0.00|1.00|0.00|1.00|0.00|0.00|0.00|0.00|0.00|0.00|0.00|0.00|
TRA18V1A|13.00|7.00|1.00|0.00|0.00|0.00|1.00|0.00|0.00|0.00|0.00|0.00|0.00|0.00|0.00|
TRA24V1A|12.00|12.00|6.00|0.00|4.00|0.00|1.00|1.00|0.00|0.00|0.00|0.00|0.00|0.00|0.00|
TRA24V2A|52.00|14.00|7.00|0.00|1.00|0.00|3.00|3.00|0.00|0.00|0.00|0.00|0.00|0.00|0.00|
TRA30V1A|115.00|4.00|6.00|0.00|4.00|2.00|0.00|0.00|0.00|0.00|0.00|0.00|0.00|0.00|0.00|
TRA30V500MA|0.00|8.00|1.00|0.00|0.00|0.00|1.00|0.00|0.00|0.00|0.00|0.00|0.00|0.00|0.00|
TRA48V2A|1.00|1.00|1.00|0.00|0.00|0.00|0.00|1.00|0.00|0.00|0.00|0.00|0.00|0.00|0.00|
TRA6V1A|0.00|3.00|5.00|0.00|3.00|1.00|0.00|1.00|0.00|0.00|0.00|0.00|0.00|0.00|0.00|
TRA9V1A|5.00|3.00|3.00|0.00|2.00|0.00|0.00|1.00|0.00|0.00|0.00|0.00|0.00|0.00|0.00|
TRIM100K|5.00|8.00|13.00|0.00|0.00|2.00|0.00|0.00|11.00|0.00|0.00|0.00|0.00|0.00|0.00|
TRIM10K|28.00|6.00|13.00|0.00|0.00|3.00|2.00|8.00|0.00|0.00|0.00|0.00|0.00|0.00|0.00|
TRIM1K|81.00|0.00|5.00|2.00|0.00|0.00|0.00|3.00|0.00|0.00|0.00|0.00|0.00|0.00|0.00|
TRIM1M|195.00|9.00|2.00|0.00|0.00|0.00|2.00|0.00|0.00|0.00|0.00|0.00|0.00|0.00|0.00|
TRIM500|125.00|7.00|1.00|0.00|0.00|0.00|0.00|0.00|1.00|0.00|0.00|0.00|0.00|0.00|0.00|
TRIM50K|154.00|9.00|7.00|0.00|0.00|0.00|0.00|2.00|5.00|0.00|0.00|0.00|0.00|0.00|0.00|
TRIM5K|12.00|4.00|2.00|0.00|0.00|1.00|0.00|1.00|0.00|0.00|0.00|0.00|0.00|0.00|0.00|
ULN2003|120.00|17.00|10.00|0.00|0.00|7.00|1.00|2.00|0.00|0.00|0.00|0.00|0.00|0.00|0.00|
ULN2803|78.00|27.00|18.00|0.00|6.00|5.00|3.00|2.00|2.00|0.00|0.00|0.00|0.00|0.00|0.00|
USBHEMBRA-A|74.00|6.00|16.00|0.00|14.00|0.00|1.00|0.00|1.00|0.00|0.00|0.00|0.00|0.00|0.00|
USBHEMBRA-B|192.00|0.00|2.00|0.00|0.00|0.00|2.00|0.00|0.00|0.00|0.00|0.00|0.00|0.00|0.00|
VENTILADOR12VCHI|0.00|2.00|1.00|0.00|0.00|0.00|0.00|1.00|0.00|0.00|0.00|0.00|0.00|0.00|0.00|
VENTILADOR5V|478.00|3.00|1.00|0.00|0.00|0.00|0.00|1.00|0.00|0.00|0.00|0.00|0.00|0.00|0.00|
VERNIER|14.00|4.00|1.00|0.00|0.00|1.00|0.00|0.00|0.00|0.00|0.00|0.00|0.00|0.00|0.00|
VOLTIMETRODIGITAL|141.00|10.00|22.00|0.00|3.00|3.00|5.00|9.00|2.00|0.00|0.00|0.00|0.00|0.00|0.00|
VS1838B|100.00|9.00|1.00|0.00|0.00|0.00|1.00|0.00|0.00|0.00|0.00|0.00|0.00|0.00|0.00|
X9C103P|10.00|5.00|1.00|0.00|0.00|0.00|0.00|0.00|1.00|0.00|0.00|0.00|0.00|0.00|0.00|
ZAPATAHEMBRA|20.00|5.00|3.00|0.00|0.00|1.00|0.00|2.00|0.00|0.00|0.00|0.00|0.00|0.00|0.00|
ZAPATAHEMDOBLE|22.00|26.00|4.00|0.00|0.00|0.00|0.00|4.00|0.00|0.00|0.00|0.00|0.00|0.00|0.00|
