cveproducto|ExistenciaMatriz|ExistenciaExpendio|VentaTotal|1|2|3|4|5|6|7|8|9|10|11|12|Producto|
1N34|0.00|1.00|8.00|0.00|6.00|2.00|0.00|0.00|0.00|0.00|0.00|0.00|0.00|0.00|0.00|
1N4001|388.00|21.00|333.00|40.00|150.00|143.00|0.00|0.00|0.00|0.00|0.00|0.00|0.00|0.00|0.00|
1N4002|532.00|28.00|58.00|8.00|26.00|24.00|0.00|0.00|0.00|0.00|0.00|0.00|0.00|0.00|0.00|
1N4003|2046.00|49.00|28.00|2.00|23.00|3.00|0.00|0.00|0.00|0.00|0.00|0.00|0.00|0.00|0.00|
1N4004|453.00|44.00|223.00|57.00|149.00|17.00|0.00|0.00|0.00|0.00|0.00|0.00|0.00|0.00|0.00|
1N4005|506.00|17.00|39.00|1.00|20.00|18.00|0.00|0.00|0.00|0.00|0.00|0.00|0.00|0.00|0.00|
1N4006|445.00|50.00|34.00|3.00|31.00|0.00|0.00|0.00|0.00|0.00|0.00|0.00|0.00|0.00|0.00|
1N4007|848.00|260.00|58.00|3.00|36.00|19.00|0.00|0.00|0.00|0.00|0.00|0.00|0.00|0.00|0.00|
1N4148|603.00|264.00|86.00|2.00|64.00|20.00|0.00|0.00|0.00|0.00|0.00|0.00|0.00|0.00|0.00|
1N5400|109.00|29.00|5.00|4.00|1.00|0.00|0.00|0.00|0.00|0.00|0.00|0.00|0.00|0.00|0.00|
1N5404|0.00|1.00|1.00|0.00|0.00|1.00|0.00|0.00|0.00|0.00|0.00|0.00|0.00|0.00|0.00|
1N5406|265.00|36.00|48.00|0.00|0.00|48.00|0.00|0.00|0.00|0.00|0.00|0.00|0.00|0.00|0.00|
1N5819|7.00|10.00|1.00|0.00|1.00|0.00|0.00|0.00|0.00|0.00|0.00|0.00|0.00|0.00|0.00|
1N60|445.00|48.00|1.00|0.00|0.00|1.00|0.00|0.00|0.00|0.00|0.00|0.00|0.00|0.00|0.00|
1N914|299.00|4.00|10.00|0.00|6.00|4.00|0.00|0.00|0.00|0.00|0.00|0.00|0.00|0.00|0.00|
2N2222A|0.00|18.00|2.00|0.00|0.00|2.00|0.00|0.00|0.00|0.00|0.00|0.00|0.00|0.00|0.00|
2N2646|119.00|44.00|3.00|0.00|0.00|3.00|0.00|0.00|0.00|0.00|0.00|0.00|0.00|0.00|0.00|
2N3904|1038.00|28.00|27.00|1.00|8.00|18.00|0.00|0.00|0.00|0.00|0.00|0.00|0.00|0.00|0.00|
2N3906|1039.00|31.00|8.00|0.00|6.00|2.00|0.00|0.00|0.00|0.00|0.00|0.00|0.00|0.00|0.00|
2N5401|0.00|2.00|2.00|0.00|2.00|0.00|0.00|0.00|0.00|0.00|0.00|0.00|0.00|0.00|0.00|
2N5457|96.00|49.00|3.00|0.00|0.00|3.00|0.00|0.00|0.00|0.00|0.00|0.00|0.00|0.00|0.00|
2N6073|68.00|60.00|3.00|0.00|0.00|3.00|0.00|0.00|0.00|0.00|0.00|0.00|0.00|0.00|0.00|
2N6344|13.00|54.00|2.00|2.00|0.00|0.00|0.00|0.00|0.00|0.00|0.00|0.00|0.00|0.00|0.00|
40106|111.00|16.00|1.00|0.00|1.00|0.00|0.00|0.00|0.00|0.00|0.00|0.00|0.00|0.00|0.00|
4011|111.00|35.00|7.00|0.00|6.00|1.00|0.00|0.00|0.00|0.00|0.00|0.00|0.00|0.00|0.00|
4013|83.00|0.00|8.00|0.00|0.00|8.00|0.00|0.00|0.00|0.00|0.00|0.00|0.00|0.00|0.00|
4017|399.00|38.00|2.00|0.00|0.00|2.00|0.00|0.00|0.00|0.00|0.00|0.00|0.00|0.00|0.00|
4026|10.00|6.00|2.00|0.00|0.00|2.00|0.00|0.00|0.00|0.00|0.00|0.00|0.00|0.00|0.00|
4069|129.00|23.00|9.00|0.00|9.00|0.00|0.00|0.00|0.00|0.00|0.00|0.00|0.00|0.00|0.00|
4071|127.00|18.00|7.00|0.00|7.00|0.00|0.00|0.00|0.00|0.00|0.00|0.00|0.00|0.00|0.00|
4072|230.00|2.00|2.00|0.00|2.00|0.00|0.00|0.00|0.00|0.00|0.00|0.00|0.00|0.00|0.00|
4075|96.00|11.00|5.00|0.00|0.00|5.00|0.00|0.00|0.00|0.00|0.00|0.00|0.00|0.00|0.00|
4081|215.00|23.00|2.00|0.00|2.00|0.00|0.00|0.00|0.00|0.00|0.00|0.00|0.00|0.00|0.00|
4093|86.00|1.00|1.00|0.00|1.00|0.00|0.00|0.00|0.00|0.00|0.00|0.00|0.00|0.00|0.00|
4N25|309.00|33.00|28.00|0.00|11.00|17.00|0.00|0.00|0.00|0.00|0.00|0.00|0.00|0.00|0.00|
4N26|4.00|16.00|2.00|1.00|1.00|0.00|0.00|0.00|0.00|0.00|0.00|0.00|0.00|0.00|0.00|
4N33|108.00|16.00|2.00|1.00|1.00|0.00|0.00|0.00|0.00|0.00|0.00|0.00|0.00|0.00|0.00|
4N35|97.00|10.00|4.00|0.00|2.00|2.00|0.00|0.00|0.00|0.00|0.00|0.00|0.00|0.00|0.00|
74HC00|41.00|0.00|1.00|0.00|1.00|0.00|0.00|0.00|0.00|0.00|0.00|0.00|0.00|0.00|0.00|
74LS00|294.00|112.00|84.00|0.00|68.00|16.00|0.00|0.00|0.00|0.00|0.00|0.00|0.00|0.00|0.00|
74LS02|350.00|123.00|77.00|0.00|57.00|20.00|0.00|0.00|0.00|0.00|0.00|0.00|0.00|0.00|0.00|
74LS04|2026.00|76.00|272.00|60.00|173.00|39.00|0.00|0.00|0.00|0.00|0.00|0.00|0.00|0.00|0.00|
74LS07|1.00|4.00|2.00|0.00|2.00|0.00|0.00|0.00|0.00|0.00|0.00|0.00|0.00|0.00|0.00|
74LS08|1749.00|58.00|388.00|69.00|223.00|96.00|0.00|0.00|0.00|0.00|0.00|0.00|0.00|0.00|0.00|
74LS10|185.00|34.00|33.00|0.00|33.00|0.00|0.00|0.00|0.00|0.00|0.00|0.00|0.00|0.00|0.00|
74LS11|19.00|32.00|91.00|0.00|43.00|48.00|0.00|0.00|0.00|0.00|0.00|0.00|0.00|0.00|0.00|
74LS112|251.00|5.00|5.00|0.00|0.00|5.00|0.00|0.00|0.00|0.00|0.00|0.00|0.00|0.00|0.00|
74LS121|28.00|23.00|2.00|0.00|2.00|0.00|0.00|0.00|0.00|0.00|0.00|0.00|0.00|0.00|0.00|
74LS14|25.00|0.00|2.00|0.00|2.00|0.00|0.00|0.00|0.00|0.00|0.00|0.00|0.00|0.00|0.00|
74LS151|47.00|26.00|8.00|0.00|0.00|8.00|0.00|0.00|0.00|0.00|0.00|0.00|0.00|0.00|0.00|
74LS153|137.00|12.00|4.00|0.00|1.00|3.00|0.00|0.00|0.00|0.00|0.00|0.00|0.00|0.00|0.00|
74LS157|133.00|45.00|22.00|0.00|0.00|22.00|0.00|0.00|0.00|0.00|0.00|0.00|0.00|0.00|0.00|
74LS190|117.00|43.00|3.00|0.00|0.00|3.00|0.00|0.00|0.00|0.00|0.00|0.00|0.00|0.00|0.00|
74LS192|187.00|12.00|2.00|0.00|2.00|0.00|0.00|0.00|0.00|0.00|0.00|0.00|0.00|0.00|0.00|
74LS195|0.00|3.00|2.00|0.00|0.00|2.00|0.00|0.00|0.00|0.00|0.00|0.00|0.00|0.00|0.00|
74LS20|303.00|37.00|1.00|0.00|0.00|1.00|0.00|0.00|0.00|0.00|0.00|0.00|0.00|0.00|0.00|
74LS21|105.00|29.00|37.00|0.00|25.00|12.00|0.00|0.00|0.00|0.00|0.00|0.00|0.00|0.00|0.00|
74LS266|44.00|30.00|9.00|0.00|4.00|5.00|0.00|0.00|0.00|0.00|0.00|0.00|0.00|0.00|0.00|
74LS283|85.00|17.00|1.00|0.00|0.00|1.00|0.00|0.00|0.00|0.00|0.00|0.00|0.00|0.00|0.00|
74LS32|1320.00|61.00|376.00|66.00|208.00|100.00|2.00|0.00|0.00|0.00|0.00|0.00|0.00|0.00|0.00|
74LS47|517.00|34.00|18.00|0.00|3.00|15.00|0.00|0.00|0.00|0.00|0.00|0.00|0.00|0.00|0.00|
74LS48|134.00|30.00|20.00|0.00|0.00|20.00|0.00|0.00|0.00|0.00|0.00|0.00|0.00|0.00|0.00|
74LS73|220.00|35.00|3.00|2.00|0.00|1.00|0.00|0.00|0.00|0.00|0.00|0.00|0.00|0.00|0.00|
74LS74|42.00|47.00|14.00|0.00|0.00|14.00|0.00|0.00|0.00|0.00|0.00|0.00|0.00|0.00|0.00|
74LS76|328.00|42.00|28.00|0.00|0.00|28.00|0.00|0.00|0.00|0.00|0.00|0.00|0.00|0.00|0.00|
74LS83|58.00|13.00|3.00|2.00|1.00|0.00|0.00|0.00|0.00|0.00|0.00|0.00|0.00|0.00|0.00|
74LS86|281.00|113.00|91.00|0.00|50.00|41.00|0.00|0.00|0.00|0.00|0.00|0.00|0.00|0.00|0.00|
74LS90|258.00|22.00|21.00|0.00|3.00|18.00|0.00|0.00|0.00|0.00|0.00|0.00|0.00|0.00|0.00|
ACELEROMETROYGIRO|40.00|5.00|5.00|0.00|2.00|3.00|0.00|0.00|0.00|0.00|0.00|0.00|0.00|0.00|0.00|
ALAMBRE2|356.00|54.00|1566.00|197.00|934.00|433.00|2.00|0.00|0.00|0.00|0.00|0.00|0.00|0.00|0.00|
ALCOHOLISOPROPOLICO|22.00|0.00|2.00|0.00|0.00|1.00|1.00|0.00|0.00|0.00|0.00|0.00|0.00|0.00|0.00|
APAGADOR|109.00|2.00|3.00|0.00|3.00|0.00|0.00|0.00|0.00|0.00|0.00|0.00|0.00|0.00|0.00|
ARDUINO-MEGA|52.00|10.00|4.00|0.00|4.00|0.00|0.00|0.00|0.00|0.00|0.00|0.00|0.00|0.00|0.00|
ARDUINO-NANO|36.00|14.00|5.00|0.00|3.00|2.00|0.00|0.00|0.00|0.00|0.00|0.00|0.00|0.00|0.00|
ARDUINO-UNO|116.00|5.00|16.00|2.00|9.00|3.00|2.00|0.00|0.00|0.00|0.00|0.00|0.00|0.00|0.00|
ATMEGA328|143.00|3.00|7.00|4.00|3.00|0.00|0.00|0.00|0.00|0.00|0.00|0.00|0.00|0.00|0.00|
BANANANEGRA|-1.00|0.00|12.00|0.00|12.00|0.00|0.00|0.00|0.00|0.00|0.00|0.00|0.00|0.00|0.00|
BANANATN|772.00|0.00|15.00|0.00|9.00|3.00|3.00|0.00|0.00|0.00|0.00|0.00|0.00|0.00|0.00|
BANANATR|1133.00|0.00|17.00|0.00|14.00|3.00|0.00|0.00|0.00|0.00|0.00|0.00|0.00|0.00|0.00|
BANDADENTADACHI|0.00|0.00|1.00|0.00|0.00|1.00|0.00|0.00|0.00|0.00|0.00|0.00|0.00|0.00|0.00|
BANDADENTADAMED|0.00|0.00|2.00|0.00|1.00|1.00|0.00|0.00|0.00|0.00|0.00|0.00|0.00|0.00|0.00|
BARRALEDS-R10|145.00|22.00|1.00|0.00|0.00|1.00|0.00|0.00|0.00|0.00|0.00|0.00|0.00|0.00|0.00|
BARRALEDS-V10|50.00|17.00|5.00|0.00|5.00|0.00|0.00|0.00|0.00|0.00|0.00|0.00|0.00|0.00|0.00|
BAS14P|812.00|18.00|6.00|0.00|2.00|4.00|0.00|0.00|0.00|0.00|0.00|0.00|0.00|0.00|0.00|
BAS16P|529.00|12.00|1.00|0.00|1.00|0.00|0.00|0.00|0.00|0.00|0.00|0.00|0.00|0.00|0.00|
BAS18P|1.00|5.00|6.00|0.00|4.00|2.00|0.00|0.00|0.00|0.00|0.00|0.00|0.00|0.00|0.00|
BAS40P|17.00|9.00|1.00|0.00|1.00|0.00|0.00|0.00|0.00|0.00|0.00|0.00|0.00|0.00|0.00|
BAS6P|1.00|3.00|6.00|0.00|6.00|0.00|0.00|0.00|0.00|0.00|0.00|0.00|0.00|0.00|0.00|
BAS8P|995.00|20.00|2.00|0.00|0.00|2.00|0.00|0.00|0.00|0.00|0.00|0.00|0.00|0.00|0.00|
BASECAUTIN|23.00|2.00|3.00|2.00|1.00|0.00|0.00|0.00|0.00|0.00|0.00|0.00|0.00|0.00|0.00|
BASEFOCO12V5W|6.00|0.00|66.00|50.00|16.00|0.00|0.00|0.00|0.00|0.00|0.00|0.00|0.00|0.00|0.00|
BASESIGUELINEAS|18.00|3.00|8.00|0.00|7.00|1.00|0.00|0.00|0.00|0.00|0.00|0.00|0.00|0.00|0.00|
BASESIGUELINEAS-MDF|22.00|0.00|1.00|1.00|0.00|0.00|0.00|0.00|0.00|0.00|0.00|0.00|0.00|0.00|0.00|
BASEZIF18|0.00|0.00|1.00|0.00|1.00|0.00|0.00|0.00|0.00|0.00|0.00|0.00|0.00|0.00|0.00|
BASEZIF40|99.00|4.00|2.00|0.00|2.00|0.00|0.00|0.00|0.00|0.00|0.00|0.00|0.00|0.00|0.00|
BC107|0.00|19.00|1.00|0.00|0.00|1.00|0.00|0.00|0.00|0.00|0.00|0.00|0.00|0.00|0.00|
BC327A|1579.00|0.00|17.00|0.00|16.00|1.00|0.00|0.00|0.00|0.00|0.00|0.00|0.00|0.00|0.00|
BC337|2.00|3.00|27.00|0.00|24.00|3.00|0.00|0.00|0.00|0.00|0.00|0.00|0.00|0.00|0.00|
BC547B|4120.00|46.00|15.00|0.00|4.00|11.00|0.00|0.00|0.00|0.00|0.00|0.00|0.00|0.00|0.00|
BC547C|2773.00|101.00|2.00|0.00|0.00|2.00|0.00|0.00|0.00|0.00|0.00|0.00|0.00|0.00|0.00|
BC548B|905.00|107.00|8.00|2.00|0.00|6.00|0.00|0.00|0.00|0.00|0.00|0.00|0.00|0.00|0.00|
BC557A|3056.00|0.00|2.00|0.00|2.00|0.00|0.00|0.00|0.00|0.00|0.00|0.00|0.00|0.00|0.00|
BC557B|3490.00|27.00|5.00|0.00|5.00|0.00|0.00|0.00|0.00|0.00|0.00|0.00|0.00|0.00|0.00|
BC557C|3704.00|13.00|2.00|0.00|0.00|2.00|0.00|0.00|0.00|0.00|0.00|0.00|0.00|0.00|0.00|
BC558B|251.00|50.00|6.00|0.00|0.00|6.00|0.00|0.00|0.00|0.00|0.00|0.00|0.00|0.00|0.00|
BD135|143.00|16.00|3.00|0.00|3.00|0.00|0.00|0.00|0.00|0.00|0.00|0.00|0.00|0.00|0.00|
BD137|26.00|12.00|9.00|0.00|0.00|9.00|0.00|0.00|0.00|0.00|0.00|0.00|0.00|0.00|0.00|
BD140|31.00|13.00|4.00|0.00|4.00|0.00|0.00|0.00|0.00|0.00|0.00|0.00|0.00|0.00|0.00|
BLUETOOTH-HC05|118.00|4.00|1.00|0.00|0.00|1.00|0.00|0.00|0.00|0.00|0.00|0.00|0.00|0.00|0.00|
BOCINA1/4W|153.00|10.00|3.00|1.00|2.00|0.00|0.00|0.00|0.00|0.00|0.00|0.00|0.00|0.00|0.00|
BOCINA1W|8.00|3.00|2.00|0.00|2.00|0.00|0.00|0.00|0.00|0.00|0.00|0.00|0.00|0.00|0.00|
BOMBADEAGUA|112.00|1.00|1.00|0.00|0.00|1.00|0.00|0.00|0.00|0.00|0.00|0.00|0.00|0.00|0.00|
BORNECHI-NEGRO|353.00|53.00|14.00|0.00|14.00|0.00|0.00|0.00|0.00|0.00|0.00|0.00|0.00|0.00|0.00|
BORNECHI-ROJO|269.00|24.00|13.00|0.00|13.00|0.00|0.00|0.00|0.00|0.00|0.00|0.00|0.00|0.00|0.00|
BORNEGDE-NEGRO|0.00|23.00|17.00|0.00|13.00|4.00|0.00|0.00|0.00|0.00|0.00|0.00|0.00|0.00|0.00|
BORNEGDE-ROJO|0.00|21.00|11.00|0.00|7.00|4.00|0.00|0.00|0.00|0.00|0.00|0.00|0.00|0.00|0.00|
BRACKETS-PAR|12.00|2.00|2.00|0.00|1.00|1.00|0.00|0.00|0.00|0.00|0.00|0.00|0.00|0.00|0.00|
BRAZOROBOT|0.00|0.00|1.00|0.00|0.00|1.00|0.00|0.00|0.00|0.00|0.00|0.00|0.00|0.00|0.00|
BROCA1/16|110.00|0.00|2.00|1.00|1.00|0.00|0.00|0.00|0.00|0.00|0.00|0.00|0.00|0.00|0.00|
BROCA3/64|66.00|0.00|2.00|0.00|2.00|0.00|0.00|0.00|0.00|0.00|0.00|0.00|0.00|0.00|0.00|
BROCHEPILA|669.00|44.00|138.00|26.00|84.00|28.00|0.00|0.00|0.00|0.00|0.00|0.00|0.00|0.00|0.00|
BT136|64.00|21.00|1.00|0.00|0.00|1.00|0.00|0.00|0.00|0.00|0.00|0.00|0.00|0.00|0.00|
BTA08|32.00|2.00|6.00|0.00|4.00|2.00|0.00|0.00|0.00|0.00|0.00|0.00|0.00|0.00|0.00|
C106D|482.00|40.00|21.00|0.00|13.00|8.00|0.00|0.00|0.00|0.00|0.00|0.00|0.00|0.00|0.00|
CABLE22N|311.50|22.00|15.00|15.00|0.00|0.00|0.00|0.00|0.00|0.00|0.00|0.00|0.00|0.00|0.00|
CABLE22R|358.00|16.00|3.00|0.00|0.00|3.00|0.00|0.00|0.00|0.00|0.00|0.00|0.00|0.00|0.00|
CABLEAWG14BLANCO|66.50|14.50|15.00|0.00|8.00|7.00|0.00|0.00|0.00|0.00|0.00|0.00|0.00|0.00|0.00|
CABLEAWG14NEGRO|65.00|23.00|13.00|0.00|10.00|3.00|0.00|0.00|0.00|0.00|0.00|0.00|0.00|0.00|0.00|
CABLEAWG14ROJO|165.50|23.00|46.00|0.00|37.00|9.00|0.00|0.00|0.00|0.00|0.00|0.00|0.00|0.00|0.00|
CABLEAWG16AMA|49.50|20.00|18.50|0.00|5.50|11.00|2.00|0.00|0.00|0.00|0.00|0.00|0.00|0.00|0.00|
CABLEAWG16NEGRO|0.00|18.00|20.50|0.00|14.00|6.50|0.00|0.00|0.00|0.00|0.00|0.00|0.00|0.00|0.00|
CABLEAWG16ROJO|0.00|3.50|35.50|0.00|26.00|9.50|0.00|0.00|0.00|0.00|0.00|0.00|0.00|0.00|0.00|
CABLEAWG18AMA|49.00|0.00|1.00|0.00|0.00|1.00|0.00|0.00|0.00|0.00|0.00|0.00|0.00|0.00|0.00|
CABLEAWG18AZUL|48.00|0.00|1.00|0.00|0.00|1.00|0.00|0.00|0.00|0.00|0.00|0.00|0.00|0.00|0.00|
CABLEDUPLEX18|28.00|0.00|52.00|40.00|9.00|3.00|0.00|0.00|0.00|0.00|0.00|0.00|0.00|0.00|0.00|
CABLEPOT18|187.50|43.00|63.00|5.00|39.00|19.00|0.00|0.00|0.00|0.00|0.00|0.00|0.00|0.00|0.00|
CABLERCA-3|0.00|0.00|1.00|0.00|1.00|0.00|0.00|0.00|0.00|0.00|0.00|0.00|0.00|0.00|0.00|
CABLEUSB-ARDUINO|(null)|0.00|2.00|0.00|0.00|2.00|0.00|0.00|0.00|0.00|0.00|0.00|0.00|0.00|0.00|
CABLEUTP|1165.00|260.00|483.00|168.00|209.00|106.00|0.00|0.00|0.00|0.00|0.00|0.00|0.00|0.00|0.00|
CAIMANEGRO|77.00|3.00|9.00|0.00|7.00|2.00|0.00|0.00|0.00|0.00|0.00|0.00|0.00|0.00|0.00|
CAIMANGDENE|420.00|0.00|3.00|2.00|1.00|0.00|0.00|0.00|0.00|0.00|0.00|0.00|0.00|0.00|0.00|
CAIMANGDERO|347.00|0.00|3.00|2.00|1.00|0.00|0.00|0.00|0.00|0.00|0.00|0.00|0.00|0.00|0.00|
CAIMAROJO|25.00|7.00|4.00|0.00|2.00|2.00|0.00|0.00|0.00|0.00|0.00|0.00|0.00|0.00|0.00|
CAJAPRETUL13|17.00|1.00|2.00|1.00|1.00|0.00|0.00|0.00|0.00|0.00|0.00|0.00|0.00|0.00|0.00|
CAJATRUPER14|8.00|1.00|2.00|0.00|1.00|1.00|0.00|0.00|0.00|0.00|0.00|0.00|0.00|0.00|0.00|
CAJATRUPER16-PESCA|2.00|0.00|2.00|0.00|1.00|1.00|0.00|0.00|0.00|0.00|0.00|0.00|0.00|0.00|0.00|
CARGADORDEPILAS|1.00|2.00|1.00|0.00|0.00|1.00|0.00|0.00|0.00|0.00|0.00|0.00|0.00|0.00|0.00|
CAUTIN-AM|8.00|4.00|11.00|4.00|5.00|2.00|0.00|0.00|0.00|0.00|0.00|0.00|0.00|0.00|0.00|
CAUTIN-AZ|31.00|0.00|2.00|0.00|2.00|0.00|0.00|0.00|0.00|0.00|0.00|0.00|0.00|0.00|0.00|
CBRUSHLESS|9.00|1.00|1.00|0.00|0.00|0.00|1.00|0.00|0.00|0.00|0.00|0.00|0.00|0.00|0.00|
CC0.001µf|132.00|0.00|3.00|0.00|3.00|0.00|0.00|0.00|0.00|0.00|0.00|0.00|0.00|0.00|0.00|
CC0.0022µf|92.00|7.00|1.00|0.00|0.00|1.00|0.00|0.00|0.00|0.00|0.00|0.00|0.00|0.00|0.00|
CC0.0047µf|680.00|7.00|4.00|0.00|4.00|0.00|0.00|0.00|0.00|0.00|0.00|0.00|0.00|0.00|0.00|
CC0.015µf|23.00|0.00|1.00|0.00|0.00|1.00|0.00|0.00|0.00|0.00|0.00|0.00|0.00|0.00|0.00|
CC0.01µf|5041.00|42.00|27.00|2.00|9.00|16.00|0.00|0.00|0.00|0.00|0.00|0.00|0.00|0.00|0.00|
CC0.022µf|556.00|17.00|3.00|0.00|1.00|2.00|0.00|0.00|0.00|0.00|0.00|0.00|0.00|0.00|0.00|
CC0.1µf|6954.00|52.00|70.00|6.00|31.00|33.00|0.00|0.00|0.00|0.00|0.00|0.00|0.00|0.00|0.00|
CC0.22µf|293.00|86.00|3.00|0.00|1.00|2.00|0.00|0.00|0.00|0.00|0.00|0.00|0.00|0.00|0.00|
CC22pf|1521.00|74.00|49.00|0.00|41.00|8.00|0.00|0.00|0.00|0.00|0.00|0.00|0.00|0.00|0.00|
CC330pf|62.00|18.00|1.00|1.00|0.00|0.00|0.00|0.00|0.00|0.00|0.00|0.00|0.00|0.00|0.00|
CC680pf|570.00|0.00|3.00|0.00|3.00|0.00|0.00|0.00|0.00|0.00|0.00|0.00|0.00|0.00|0.00|
CE0.1µf/50V|84.00|21.00|5.00|0.00|2.00|3.00|0.00|0.00|0.00|0.00|0.00|0.00|0.00|0.00|0.00|
CE0.47µf/50V|110.00|8.00|1.00|1.00|0.00|0.00|0.00|0.00|0.00|0.00|0.00|0.00|0.00|0.00|0.00|
CE1000µf/25V|116.00|33.00|23.00|7.00|9.00|7.00|0.00|0.00|0.00|0.00|0.00|0.00|0.00|0.00|0.00|
CE1000µf/50V|262.00|22.00|23.00|0.00|22.00|1.00|0.00|0.00|0.00|0.00|0.00|0.00|0.00|0.00|0.00|
CE100µf/25V|109.00|44.00|31.00|1.00|11.00|19.00|0.00|0.00|0.00|0.00|0.00|0.00|0.00|0.00|0.00|
CE100µf/50V|222.00|32.00|54.00|12.00|13.00|29.00|0.00|0.00|0.00|0.00|0.00|0.00|0.00|0.00|0.00|
CE10µf/25V|377.00|53.00|31.00|1.00|9.00|21.00|0.00|0.00|0.00|0.00|0.00|0.00|0.00|0.00|0.00|
CE10µf/50V|197.00|14.00|53.00|0.00|18.00|35.00|0.00|0.00|0.00|0.00|0.00|0.00|0.00|0.00|0.00|
CE1µf/25V|0.00|0.00|1.00|0.00|1.00|0.00|0.00|0.00|0.00|0.00|0.00|0.00|0.00|0.00|0.00|
CE1µf/50V|1895.00|56.00|21.00|0.00|6.00|15.00|0.00|0.00|0.00|0.00|0.00|0.00|0.00|0.00|0.00|
CE2.2µf/50V|179.00|45.00|1.00|1.00|0.00|0.00|0.00|0.00|0.00|0.00|0.00|0.00|0.00|0.00|0.00|
CE2200µf/25V|200.00|36.00|34.00|9.00|12.00|13.00|0.00|0.00|0.00|0.00|0.00|0.00|0.00|0.00|0.00|
CE2200µf/50V|90.00|37.00|40.00|0.00|36.00|4.00|0.00|0.00|0.00|0.00|0.00|0.00|0.00|0.00|0.00|
CE220µf/25V|43.00|20.00|2.00|2.00|0.00|0.00|0.00|0.00|0.00|0.00|0.00|0.00|0.00|0.00|0.00|
CE220µf/50V|236.00|9.00|11.00|0.00|0.00|11.00|0.00|0.00|0.00|0.00|0.00|0.00|0.00|0.00|0.00|
CE22µf/25V|133.00|29.00|1.00|0.00|1.00|0.00|0.00|0.00|0.00|0.00|0.00|0.00|0.00|0.00|0.00|
CE22µf/50V|662.00|34.00|2.00|0.00|0.00|0.00|2.00|0.00|0.00|0.00|0.00|0.00|0.00|0.00|0.00|
CE330µf/25V|120.00|23.00|1.00|0.00|1.00|0.00|0.00|0.00|0.00|0.00|0.00|0.00|0.00|0.00|0.00|
CE4.7µf/250V|4.00|0.00|2.00|0.00|2.00|0.00|0.00|0.00|0.00|0.00|0.00|0.00|0.00|0.00|0.00|
CE4.7µf/50V|200.00|11.00|14.00|0.00|3.00|11.00|0.00|0.00|0.00|0.00|0.00|0.00|0.00|0.00|0.00|
CE4700µf/25V|64.00|3.00|2.00|0.00|2.00|0.00|0.00|0.00|0.00|0.00|0.00|0.00|0.00|0.00|0.00|
CE4700µf/50V|29.00|8.00|14.00|4.00|0.00|10.00|0.00|0.00|0.00|0.00|0.00|0.00|0.00|0.00|0.00|
CE470µf/25V|80.00|17.00|15.00|2.00|6.00|7.00|0.00|0.00|0.00|0.00|0.00|0.00|0.00|0.00|0.00|
CE470µf/50V|198.00|2.00|39.00|0.00|31.00|8.00|0.00|0.00|0.00|0.00|0.00|0.00|0.00|0.00|0.00|
CE47µf/25V|79.00|30.00|7.00|0.00|4.00|3.00|0.00|0.00|0.00|0.00|0.00|0.00|0.00|0.00|0.00|
CE680µf/25V|143.00|7.00|3.00|0.00|0.00|3.00|0.00|0.00|0.00|0.00|0.00|0.00|0.00|0.00|0.00|
CELDA5V100MA|26.00|3.00|2.00|0.00|0.00|2.00|0.00|0.00|0.00|0.00|0.00|0.00|0.00|0.00|0.00|
CHASISNEGROCHI|0.00|0.00|8.00|0.00|8.00|0.00|0.00|0.00|0.00|0.00|0.00|0.00|0.00|0.00|0.00|
CHASISNEGROMED|39.00|0.00|1.00|0.00|1.00|0.00|0.00|0.00|0.00|0.00|0.00|0.00|0.00|0.00|0.00|
CINTADEAISLAR-N|51.00|6.00|23.00|7.00|14.00|2.00|0.00|0.00|0.00|0.00|0.00|0.00|0.00|0.00|0.00|
CINTADOBLECARA1.5M|8.00|4.00|7.00|1.00|5.00|1.00|0.00|0.00|0.00|0.00|0.00|0.00|0.00|0.00|0.00|
CLAVIJA|5.00|0.00|17.00|5.00|12.00|0.00|0.00|0.00|0.00|0.00|0.00|0.00|0.00|0.00|0.00|
CLAVIJABLA|340.00|12.00|47.00|5.00|29.00|13.00|0.00|0.00|0.00|0.00|0.00|0.00|0.00|0.00|0.00|
CLAVIJATIERRA|39.00|9.00|1.00|0.00|1.00|0.00|0.00|0.00|0.00|0.00|0.00|0.00|0.00|0.00|0.00|
CLORURO250|29.00|10.00|4.00|1.00|2.00|1.00|0.00|0.00|0.00|0.00|0.00|0.00|0.00|0.00|0.00|
CM0.33µf/50V|62.00|17.00|1.00|0.00|1.00|0.00|0.00|0.00|0.00|0.00|0.00|0.00|0.00|0.00|0.00|
CM0.47µf/50V|73.00|8.00|1.00|0.00|1.00|0.00|0.00|0.00|0.00|0.00|0.00|0.00|0.00|0.00|0.00|
CM1µf/50V|9.00|7.00|18.00|5.00|13.00|0.00|0.00|0.00|0.00|0.00|0.00|0.00|0.00|0.00|0.00|
CNY70|8.00|9.00|60.00|1.00|44.00|13.00|2.00|0.00|0.00|0.00|0.00|0.00|0.00|0.00|0.00|
CON2TORNILLOS|1974.00|55.00|20.00|0.00|18.00|2.00|0.00|0.00|0.00|0.00|0.00|0.00|0.00|0.00|0.00|
CON3TORNILLOS|496.00|26.00|13.00|1.00|11.00|1.00|0.00|0.00|0.00|0.00|0.00|0.00|0.00|0.00|0.00|
CONCHADB-9|73.00|3.00|1.00|0.00|1.00|0.00|0.00|0.00|0.00|0.00|0.00|0.00|0.00|0.00|0.00|
CONDB-9H|85.00|0.00|11.00|0.00|11.00|0.00|0.00|0.00|0.00|0.00|0.00|0.00|0.00|0.00|0.00|
CONDB-9M|101.00|11.00|10.00|0.00|10.00|0.00|0.00|0.00|0.00|0.00|0.00|0.00|0.00|0.00|0.00|
CONRJ-45|2030.00|212.00|950.00|386.00|550.00|14.00|0.00|0.00|0.00|0.00|0.00|0.00|0.00|0.00|0.00|
CP0.001µf|188.00|21.00|4.00|0.00|4.00|0.00|0.00|0.00|0.00|0.00|0.00|0.00|0.00|0.00|0.00|
CP0.0068µf|(null)|17.00|1.00|0.00|1.00|0.00|0.00|0.00|0.00|0.00|0.00|0.00|0.00|0.00|0.00|
CP0.022µf |(null)|1.00|2.00|2.00|0.00|0.00|0.00|0.00|0.00|0.00|0.00|0.00|0.00|0.00|0.00|
CP0.1µf/100V|263.00|15.00|6.00|5.00|1.00|0.00|0.00|0.00|0.00|0.00|0.00|0.00|0.00|0.00|0.00|
CP0.82µf/250V|5.00|0.00|1.00|0.00|0.00|1.00|0.00|0.00|0.00|0.00|0.00|0.00|0.00|0.00|0.00|
CP4.7µf/250V|0.00|1.00|2.00|0.00|2.00|0.00|0.00|0.00|0.00|0.00|0.00|0.00|0.00|0.00|0.00|
CRIS4MHZ|100.00|8.00|24.00|2.00|17.00|5.00|0.00|0.00|0.00|0.00|0.00|0.00|0.00|0.00|0.00|
CT10µf|10.00|2.00|2.00|0.00|2.00|0.00|0.00|0.00|0.00|0.00|0.00|0.00|0.00|0.00|0.00|
CUBIERTARJ-45|241.00|45.00|4.00|2.00|0.00|2.00|0.00|0.00|0.00|0.00|0.00|0.00|0.00|0.00|0.00|
CUTER-PRE5PB|8.00|0.00|2.00|1.00|1.00|0.00|0.00|0.00|0.00|0.00|0.00|0.00|0.00|0.00|0.00|
DB3|154.00|27.00|6.00|0.00|3.00|3.00|0.00|0.00|0.00|0.00|0.00|0.00|0.00|0.00|0.00|
DIP10INTCI|34.00|20.00|7.00|2.00|5.00|0.00|0.00|0.00|0.00|0.00|0.00|0.00|0.00|0.00|0.00|
DIP2INTCI|555.00|0.00|5.00|0.00|2.00|3.00|0.00|0.00|0.00|0.00|0.00|0.00|0.00|0.00|0.00|
DIP4INTCI|1332.00|30.00|102.00|2.00|75.00|23.00|2.00|0.00|0.00|0.00|0.00|0.00|0.00|0.00|0.00|
DIP6INT|0.00|0.00|1.00|1.00|0.00|0.00|0.00|0.00|0.00|0.00|0.00|0.00|0.00|0.00|0.00|
DIP6INTCI|510.00|37.00|46.00|30.00|11.00|5.00|0.00|0.00|0.00|0.00|0.00|0.00|0.00|0.00|0.00|
DIP8INTCI|2668.00|32.00|132.00|14.00|109.00|9.00|0.00|0.00|0.00|0.00|0.00|0.00|0.00|0.00|0.00|
DISACS|1065.00|60.00|37.00|2.00|16.00|19.00|0.00|0.00|0.00|0.00|0.00|0.00|0.00|0.00|0.00|
DISCCS|828.00|55.00|46.00|0.00|13.00|33.00|0.00|0.00|0.00|0.00|0.00|0.00|0.00|0.00|0.00|
DISIPADOR-TO220|258.00|22.00|44.00|0.00|32.00|12.00|0.00|0.00|0.00|0.00|0.00|0.00|0.00|0.00|0.00|
DZ10V|986.00|26.00|20.00|0.00|0.00|20.00|0.00|0.00|0.00|0.00|0.00|0.00|0.00|0.00|0.00|
DZ10V1W|137.00|31.00|10.00|0.00|0.00|10.00|0.00|0.00|0.00|0.00|0.00|0.00|0.00|0.00|0.00|
DZ12V|413.00|25.00|8.00|0.00|5.00|3.00|0.00|0.00|0.00|0.00|0.00|0.00|0.00|0.00|0.00|
DZ12V1W|24.00|15.00|1.00|0.00|1.00|0.00|0.00|0.00|0.00|0.00|0.00|0.00|0.00|0.00|0.00|
DZ16V|2.00|18.00|8.00|6.00|2.00|0.00|0.00|0.00|0.00|0.00|0.00|0.00|0.00|0.00|0.00|
DZ18V|18.00|30.00|2.00|0.00|0.00|2.00|0.00|0.00|0.00|0.00|0.00|0.00|0.00|0.00|0.00|
DZ3.3V|76.00|4.00|10.00|0.00|1.00|9.00|0.00|0.00|0.00|0.00|0.00|0.00|0.00|0.00|0.00|
DZ3.9V1W|49.00|5.00|6.00|0.00|0.00|6.00|0.00|0.00|0.00|0.00|0.00|0.00|0.00|0.00|0.00|
DZ4.3V|10.00|11.00|4.00|0.00|2.00|2.00|0.00|0.00|0.00|0.00|0.00|0.00|0.00|0.00|0.00|
DZ4.3V1W|1.00|17.00|4.00|0.00|0.00|4.00|0.00|0.00|0.00|0.00|0.00|0.00|0.00|0.00|0.00|
DZ4.7V|24.00|0.00|45.00|0.00|45.00|0.00|0.00|0.00|0.00|0.00|0.00|0.00|0.00|0.00|0.00|
DZ5.1V|52.00|29.00|46.00|0.00|40.00|6.00|0.00|0.00|0.00|0.00|0.00|0.00|0.00|0.00|0.00|
DZ5.1V1W|51.00|4.00|16.00|0.00|3.00|13.00|0.00|0.00|0.00|0.00|0.00|0.00|0.00|0.00|0.00|
DZ8.2V|848.00|8.00|4.00|0.00|2.00|2.00|0.00|0.00|0.00|0.00|0.00|0.00|0.00|0.00|0.00|
DZ9.1V|101.00|4.00|7.00|0.00|0.00|7.00|0.00|0.00|0.00|0.00|0.00|0.00|0.00|0.00|0.00|
ELIMINADOR12V|215.00|9.00|79.00|11.00|35.00|28.00|5.00|0.00|0.00|0.00|0.00|0.00|0.00|0.00|0.00|
ELIMINADOR5V2A|108.00|0.00|19.00|2.00|14.00|3.00|0.00|0.00|0.00|0.00|0.00|0.00|0.00|0.00|0.00|
ENGRANECHI|0.00|6.00|9.00|0.00|2.00|7.00|0.00|0.00|0.00|0.00|0.00|0.00|0.00|0.00|0.00|
ENGRANEGDE|0.00|12.00|6.00|0.00|4.00|2.00|0.00|0.00|0.00|0.00|0.00|0.00|0.00|0.00|0.00|
ENGRANEMDFCHI|61.00|9.00|10.00|1.00|9.00|0.00|0.00|0.00|0.00|0.00|0.00|0.00|0.00|0.00|0.00|
ENGRANEMDFMED|63.00|2.00|7.00|1.00|6.00|0.00|0.00|0.00|0.00|0.00|0.00|0.00|0.00|0.00|0.00|
EXSOLDADURACHI|4.00|1.00|4.00|0.00|3.00|1.00|0.00|0.00|0.00|0.00|0.00|0.00|0.00|0.00|0.00|
FA.500Amp|20.00|30.00|10.00|0.00|10.00|0.00|0.00|0.00|0.00|0.00|0.00|0.00|0.00|0.00|0.00|
FA10Amp|7.00|27.00|4.00|0.00|2.00|2.00|0.00|0.00|0.00|0.00|0.00|0.00|0.00|0.00|0.00|
FA15Amp|17.00|131.00|10.00|10.00|0.00|0.00|0.00|0.00|0.00|0.00|0.00|0.00|0.00|0.00|0.00|
FA1Amp|154.00|21.00|25.00|6.00|7.00|12.00|0.00|0.00|0.00|0.00|0.00|0.00|0.00|0.00|0.00|
FA2Amp|114.00|5.00|9.00|0.00|2.00|7.00|0.00|0.00|0.00|0.00|0.00|0.00|0.00|0.00|0.00|
FA3Amp|80.00|31.00|2.00|0.00|2.00|0.00|0.00|0.00|0.00|0.00|0.00|0.00|0.00|0.00|0.00|
FA5Amp|85.00|13.00|1.00|0.00|1.00|0.00|0.00|0.00|0.00|0.00|0.00|0.00|0.00|0.00|0.00|
FA8Amp|0.00|20.00|2.00|0.00|2.00|0.00|0.00|0.00|0.00|0.00|0.00|0.00|0.00|0.00|0.00|
FCERAMICO10A|0.00|22.00|2.00|0.00|2.00|0.00|0.00|0.00|0.00|0.00|0.00|0.00|0.00|0.00|0.00|
FCERAMICO15A|8.00|0.00|1.00|1.00|0.00|0.00|0.00|0.00|0.00|0.00|0.00|0.00|0.00|0.00|0.00|
FE.200Amp|476.00|26.00|1.00|0.00|1.00|0.00|0.00|0.00|0.00|0.00|0.00|0.00|0.00|0.00|0.00|
FE.500Amp|82.00|50.00|44.00|0.00|41.00|3.00|0.00|0.00|0.00|0.00|0.00|0.00|0.00|0.00|0.00|
FE1.5Amp|0.00|24.00|4.00|0.00|4.00|0.00|0.00|0.00|0.00|0.00|0.00|0.00|0.00|0.00|0.00|
FE10Amp|156.00|199.00|500.00|40.00|344.00|116.00|0.00|0.00|0.00|0.00|0.00|0.00|0.00|0.00|0.00|
FE15Amp|162.00|46.00|120.00|14.00|65.00|41.00|0.00|0.00|0.00|0.00|0.00|0.00|0.00|0.00|0.00|
FE1Amp|381.00|29.00|38.00|6.00|29.00|3.00|0.00|0.00|0.00|0.00|0.00|0.00|0.00|0.00|0.00|
FE2Amp|121.00|110.00|67.00|0.00|54.00|13.00|0.00|0.00|0.00|0.00|0.00|0.00|0.00|0.00|0.00|
FE4Amp|64.00|31.00|1.00|0.00|1.00|0.00|0.00|0.00|0.00|0.00|0.00|0.00|0.00|0.00|0.00|
FE5Amp|365.00|190.00|25.00|1.00|24.00|0.00|0.00|0.00|0.00|0.00|0.00|0.00|0.00|0.00|0.00|
FE6.3Amp|0.00|0.00|1.00|0.00|1.00|0.00|0.00|0.00|0.00|0.00|0.00|0.00|0.00|0.00|0.00|
FLUX-50|1.00|2.00|1.00|0.00|0.00|1.00|0.00|0.00|0.00|0.00|0.00|0.00|0.00|0.00|0.00|
FOCO100W|1.00|3.00|13.00|0.00|13.00|0.00|0.00|0.00|0.00|0.00|0.00|0.00|0.00|0.00|0.00|
FOCO12V|123.00|20.00|37.00|1.00|36.00|0.00|0.00|0.00|0.00|0.00|0.00|0.00|0.00|0.00|0.00|
FOCO12V5W|31.00|139.00|77.00|43.00|34.00|0.00|0.00|0.00|0.00|0.00|0.00|0.00|0.00|0.00|0.00|
FOCO6.3V|96.00|24.00|5.00|0.00|4.00|1.00|0.00|0.00|0.00|0.00|0.00|0.00|0.00|0.00|0.00|
FOCO7.5W|198.00|105.00|105.00|0.00|103.00|2.00|0.00|0.00|0.00|0.00|0.00|0.00|0.00|0.00|0.00|
FOTODIODOAZUL|362.00|78.00|84.00|1.00|62.00|21.00|0.00|0.00|0.00|0.00|0.00|0.00|0.00|0.00|0.00|
FOTORES10M|34.00|0.00|2.00|2.00|0.00|0.00|0.00|0.00|0.00|0.00|0.00|0.00|0.00|0.00|0.00|
FOTORES2M|1031.00|57.00|38.00|2.00|21.00|15.00|0.00|0.00|0.00|0.00|0.00|0.00|0.00|0.00|0.00|
FOTOTRANSISTORNE|925.00|70.00|32.00|1.00|11.00|20.00|0.00|0.00|0.00|0.00|0.00|0.00|0.00|0.00|0.00|
FUENTEPROTO|18.00|2.00|8.00|0.00|4.00|4.00|0.00|0.00|0.00|0.00|0.00|0.00|0.00|0.00|0.00|
GAL22V10-25LP|128.00|18.00|1.00|0.00|1.00|0.00|0.00|0.00|0.00|0.00|0.00|0.00|0.00|0.00|0.00|
GOGGLES|10.00|3.00|1.00|0.00|1.00|0.00|0.00|0.00|0.00|0.00|0.00|0.00|0.00|0.00|0.00|
GRABADOR-PICS|0.00|0.00|12.00|7.00|3.00|2.00|0.00|0.00|0.00|0.00|0.00|0.00|0.00|0.00|0.00|
GRASA|12.00|7.00|3.00|0.00|2.00|1.00|0.00|0.00|0.00|0.00|0.00|0.00|0.00|0.00|0.00|
HEADERESCSEN|128.00|23.00|1.00|0.00|0.00|1.00|0.00|0.00|0.00|0.00|0.00|0.00|0.00|0.00|0.00|
HEADERHEMBRA|0.00|15.00|4.00|0.00|3.00|1.00|0.00|0.00|0.00|0.00|0.00|0.00|0.00|0.00|0.00|
HEADERSEN|241.00|13.00|9.00|1.00|4.00|4.00|0.00|0.00|0.00|0.00|0.00|0.00|0.00|0.00|0.00|
HEADERTORNEADO-40P|130.00|21.00|7.00|6.00|1.00|0.00|0.00|0.00|0.00|0.00|0.00|0.00|0.00|0.00|0.00|
HELICE|16.00|1.00|1.00|0.00|0.00|1.00|0.00|0.00|0.00|0.00|0.00|0.00|0.00|0.00|0.00|
IMANCIRCULARMED|57.00|9.00|12.00|0.00|12.00|0.00|0.00|0.00|0.00|0.00|0.00|0.00|0.00|0.00|0.00|
INTBALANCINCHI|4.00|13.00|52.00|6.00|34.00|12.00|0.00|0.00|0.00|0.00|0.00|0.00|0.00|0.00|0.00|
INTBALANCINMINI|131.00|12.00|10.00|0.00|6.00|4.00|0.00|0.00|0.00|0.00|0.00|0.00|0.00|0.00|0.00|
INTCHI|1814.00|164.00|10.00|1.00|9.00|0.00|0.00|0.00|0.00|0.00|0.00|0.00|0.00|0.00|0.00|
INTCOLADERATA2P2T-2P|112.00|7.00|26.00|1.00|25.00|0.00|0.00|0.00|0.00|0.00|0.00|0.00|0.00|0.00|0.00|
INTFOCONEONCHI|125.00|3.00|33.00|0.00|17.00|16.00|0.00|0.00|0.00|0.00|0.00|0.00|0.00|0.00|0.00|
INTPALANCA|52.00|5.00|13.00|1.00|3.00|0.00|9.00|0.00|0.00|0.00|0.00|0.00|0.00|0.00|0.00|
INTPALANCAGDE|5.00|9.00|1.00|0.00|0.00|1.00|0.00|0.00|0.00|0.00|0.00|0.00|0.00|0.00|0.00|
INTPALANCAMINI|19.00|0.00|5.00|0.00|5.00|0.00|0.00|0.00|0.00|0.00|0.00|0.00|0.00|0.00|0.00|
INTPROTO|1704.00|131.00|9.00|3.00|5.00|1.00|0.00|0.00|0.00|0.00|0.00|0.00|0.00|0.00|0.00|
IRF530|99.00|6.00|5.00|0.00|1.00|4.00|0.00|0.00|0.00|0.00|0.00|0.00|0.00|0.00|0.00|
IRF9530|80.00|16.00|5.00|0.00|2.00|3.00|0.00|0.00|0.00|0.00|0.00|0.00|0.00|0.00|0.00|
IRFZ44N|128.00|19.00|8.00|0.00|1.00|7.00|0.00|0.00|0.00|0.00|0.00|0.00|0.00|0.00|0.00|
JACK3.5MM/CHASIS|47.00|4.00|3.00|0.00|3.00|0.00|0.00|0.00|0.00|0.00|0.00|0.00|0.00|0.00|0.00|
JACKINVERTIDO2.34MM|24.00|0.00|52.00|0.00|37.00|15.00|0.00|0.00|0.00|0.00|0.00|0.00|0.00|0.00|0.00|
JACKRJ-45|29.00|0.00|4.00|0.00|4.00|0.00|0.00|0.00|0.00|0.00|0.00|0.00|0.00|0.00|0.00|
JGOCAIMANESCHI|118.00|17.00|56.00|17.00|33.00|6.00|0.00|0.00|0.00|0.00|0.00|0.00|0.00|0.00|0.00|
JGODEPINZAS|15.00|0.00|3.00|3.00|0.00|0.00|0.00|0.00|0.00|0.00|0.00|0.00|0.00|0.00|0.00|
JGODERUEDASCHI|7.00|10.00|10.00|0.00|10.00|0.00|0.00|0.00|0.00|0.00|0.00|0.00|0.00|0.00|0.00|
JGODERUEDASGDES|37.50|4.50|10.00|0.00|9.00|1.00|0.00|0.00|0.00|0.00|0.00|0.00|0.00|0.00|0.00|
JGODESARMADORES6|18.00|2.00|1.00|0.00|1.00|0.00|0.00|0.00|0.00|0.00|0.00|0.00|0.00|0.00|0.00|
JGODESARMADORES6-P|16.00|1.00|2.00|0.00|1.00|1.00|0.00|0.00|0.00|0.00|0.00|0.00|0.00|0.00|0.00|
JOYSTICK|50.00|10.00|10.00|0.00|0.00|10.00|0.00|0.00|0.00|0.00|0.00|0.00|0.00|0.00|0.00|
JUMPERDUPONTH-H20CM|69.50|21.50|3.50|0.00|1.50|2.00|0.00|0.00|0.00|0.00|0.00|0.00|0.00|0.00|0.00|
JUMPERDUPONTH-M10CM|404.50|5.50|17.50|1.00|14.50|2.00|0.00|0.00|0.00|0.00|0.00|0.00|0.00|0.00|0.00|
JUMPERDUPONTH-M20CM|212.00|12.00|10.50|0.00|8.00|2.50|0.00|0.00|0.00|0.00|0.00|0.00|0.00|0.00|0.00|
JUMPERDUPONTM-M10CM|393.75|9.00|39.50|0.00|34.00|5.50|0.00|0.00|0.00|0.00|0.00|0.00|0.00|0.00|0.00|
JUMPERDUPONTM-M20CM|596.50|0.00|91.50|8.00|44.50|38.00|1.00|0.00|0.00|0.00|0.00|0.00|0.00|0.00|0.00|
JUMPERH-M10CM|34.00|3.00|8.00|2.00|6.00|0.00|0.00|0.00|0.00|0.00|0.00|0.00|0.00|0.00|0.00|
JUMPERM-M20CM|76.00|20.00|6.00|0.00|6.00|0.00|0.00|0.00|0.00|0.00|0.00|0.00|0.00|0.00|0.00|
JUMPERS|1098.00|0.00|8.00|0.00|8.00|0.00|0.00|0.00|0.00|0.00|0.00|0.00|0.00|0.00|0.00|
KIT-FUENTEVARIABLE|67.00|3.00|1.00|0.00|0.00|1.00|0.00|0.00|0.00|0.00|0.00|0.00|0.00|0.00|0.00|
KITRASBERRYPI3|0.00|0.00|1.00|0.00|0.00|1.00|0.00|0.00|0.00|0.00|0.00|0.00|0.00|0.00|0.00|
KITSOLDADURA|48.00|16.00|11.00|0.00|8.00|3.00|0.00|0.00|0.00|0.00|0.00|0.00|0.00|0.00|0.00|
KITTRA12V5A|5.00|0.00|25.00|0.00|25.00|0.00|0.00|0.00|0.00|0.00|0.00|0.00|0.00|0.00|0.00|
KOLALOKA|2.00|3.00|7.00|2.00|2.00|2.00|1.00|0.00|0.00|0.00|0.00|0.00|0.00|0.00|0.00|
KULKA|8.00|7.50|24.00|0.00|22.50|1.00|0.50|0.00|0.00|0.00|0.00|0.00|0.00|0.00|0.00|
L293B|1.00|33.00|8.00|0.00|0.00|8.00|0.00|0.00|0.00|0.00|0.00|0.00|0.00|0.00|0.00|
L293D|17.00|11.00|25.00|1.00|6.00|17.00|1.00|0.00|0.00|0.00|0.00|0.00|0.00|0.00|0.00|
LAMPARA12V|55.00|38.00|7.00|1.00|6.00|0.00|0.00|0.00|0.00|0.00|0.00|0.00|0.00|0.00|0.00|
LCD16X2C/LUZ|66.00|2.00|5.00|0.00|2.00|2.00|1.00|0.00|0.00|0.00|0.00|0.00|0.00|0.00|0.00|
LCDOLED|12.00|2.00|1.00|0.00|1.00|0.00|0.00|0.00|0.00|0.00|0.00|0.00|0.00|0.00|0.00|
LEDA|6678.00|947.00|348.00|20.00|79.00|229.00|20.00|0.00|0.00|0.00|0.00|0.00|0.00|0.00|0.00|
LEDAZUL|1673.00|150.00|496.00|117.00|277.00|102.00|0.00|0.00|0.00|0.00|0.00|0.00|0.00|0.00|0.00|
LEDAZUL-MS|371.00|43.00|26.00|0.00|26.00|0.00|0.00|0.00|0.00|0.00|0.00|0.00|0.00|0.00|0.00|
LEDB|9964.00|116.00|176.00|74.00|64.00|38.00|0.00|0.00|0.00|0.00|0.00|0.00|0.00|0.00|0.00|
LEDN|799.00|0.00|2.00|2.00|0.00|0.00|0.00|0.00|0.00|0.00|0.00|0.00|0.00|0.00|0.00|
LEDR|2110.00|110.00|910.00|12.00|593.00|305.00|0.00|0.00|0.00|0.00|0.00|0.00|0.00|0.00|0.00|
LEDRGB2P|760.00|21.00|4.00|1.00|2.00|1.00|0.00|0.00|0.00|0.00|0.00|0.00|0.00|0.00|0.00|
LEDULTRAAMA|995.00|0.00|2.00|0.00|2.00|0.00|0.00|0.00|0.00|0.00|0.00|0.00|0.00|0.00|0.00|
LEDULTRAAZUL|1221.00|80.00|129.00|5.00|116.00|8.00|0.00|0.00|0.00|0.00|0.00|0.00|0.00|0.00|0.00|
LEDULTRABLA|8198.00|72.00|82.00|12.00|62.00|8.00|0.00|0.00|0.00|0.00|0.00|0.00|0.00|0.00|0.00|
LEDULTRANAR|929.00|0.00|2.00|0.00|2.00|0.00|0.00|0.00|0.00|0.00|0.00|0.00|0.00|0.00|0.00|
LEDULTRAROSA|946.00|154.00|16.00|0.00|16.00|0.00|0.00|0.00|0.00|0.00|0.00|0.00|0.00|0.00|0.00|
LEDULTRAVER|840.00|204.00|23.00|0.00|19.00|4.00|0.00|0.00|0.00|0.00|0.00|0.00|0.00|0.00|0.00|
LEDV|6663.00|166.00|363.00|94.00|193.00|76.00|0.00|0.00|0.00|0.00|0.00|0.00|0.00|0.00|0.00|
LENTES|8.00|2.00|6.00|3.00|3.00|0.00|0.00|0.00|0.00|0.00|0.00|0.00|0.00|0.00|0.00|
LLANTAS-PAR|0.00|0.00|3.00|0.00|3.00|0.00|0.00|0.00|0.00|0.00|0.00|0.00|0.00|0.00|0.00|
LM317T|444.00|42.00|70.00|0.00|59.00|11.00|0.00|0.00|0.00|0.00|0.00|0.00|0.00|0.00|0.00|
LM324|190.00|29.00|5.00|0.00|5.00|0.00|0.00|0.00|0.00|0.00|0.00|0.00|0.00|0.00|0.00|
LM337T|242.00|10.00|2.00|2.00|0.00|0.00|0.00|0.00|0.00|0.00|0.00|0.00|0.00|0.00|0.00|
LM339|106.00|19.00|5.00|0.00|2.00|3.00|0.00|0.00|0.00|0.00|0.00|0.00|0.00|0.00|0.00|
LM35|297.00|1.00|10.00|0.00|7.00|3.00|0.00|0.00|0.00|0.00|0.00|0.00|0.00|0.00|0.00|
LM358|425.00|9.00|3.00|0.00|1.00|2.00|0.00|0.00|0.00|0.00|0.00|0.00|0.00|0.00|0.00|
LM3914|0.00|20.00|1.00|0.00|0.00|1.00|0.00|0.00|0.00|0.00|0.00|0.00|0.00|0.00|0.00|
LM741|1757.00|36.00|60.00|9.00|40.00|11.00|0.00|0.00|0.00|0.00|0.00|0.00|0.00|0.00|0.00|
LM7805|377.00|61.00|69.00|3.00|60.00|6.00|0.00|0.00|0.00|0.00|0.00|0.00|0.00|0.00|0.00|
LM7809|102.00|14.00|1.00|0.00|0.00|1.00|0.00|0.00|0.00|0.00|0.00|0.00|0.00|0.00|0.00|
LM7812|407.00|25.00|8.00|0.00|7.00|1.00|0.00|0.00|0.00|0.00|0.00|0.00|0.00|0.00|0.00|
LM7824|15.00|11.00|1.00|0.00|0.00|1.00|0.00|0.00|0.00|0.00|0.00|0.00|0.00|0.00|0.00|
LM7905|76.00|38.00|1.00|0.00|0.00|1.00|0.00|0.00|0.00|0.00|0.00|0.00|0.00|0.00|0.00|
LM7912|34.00|20.00|1.00|0.00|0.00|1.00|0.00|0.00|0.00|0.00|0.00|0.00|0.00|0.00|0.00|
MAGNETO22|694.00|10.00|44.50|0.00|44.50|0.00|0.00|0.00|0.00|0.00|0.00|0.00|0.00|0.00|0.00|
MAGNETO24|389.00|41.00|29.00|21.00|8.00|0.00|0.00|0.00|0.00|0.00|0.00|0.00|0.00|0.00|0.00|
MALLA|9.00|1.00|4.00|0.00|1.00|2.00|1.00|0.00|0.00|0.00|0.00|0.00|0.00|0.00|0.00|
MBIPOLAR-02|24.00|0.00|2.00|0.00|1.00|1.00|0.00|0.00|0.00|0.00|0.00|0.00|0.00|0.00|0.00|
MCR100-6|30.00|51.00|2.00|0.00|0.00|2.00|0.00|0.00|0.00|0.00|0.00|0.00|0.00|0.00|0.00|
MICROELEC|11.00|8.00|1.00|0.00|1.00|0.00|0.00|0.00|0.00|0.00|0.00|0.00|0.00|0.00|0.00|
MICROMOTORRED50:1|0.00|0.00|2.00|0.00|2.00|0.00|0.00|0.00|0.00|0.00|0.00|0.00|0.00|0.00|0.00|
MINIBUZZER|646.00|38.00|21.00|0.00|18.00|2.00|1.00|0.00|0.00|0.00|0.00|0.00|0.00|0.00|0.00|
MINILEDAZUL|118.00|40.00|10.00|0.00|10.00|0.00|0.00|0.00|0.00|0.00|0.00|0.00|0.00|0.00|0.00|
MINILEDV|598.00|3.00|1.00|0.00|1.00|0.00|0.00|0.00|0.00|0.00|0.00|0.00|0.00|0.00|0.00|
MINIP10K|0.00|12.00|1.00|0.00|1.00|0.00|0.00|0.00|0.00|0.00|0.00|0.00|0.00|0.00|0.00|
MINIP1K|243.00|37.00|1.00|0.00|1.00|0.00|0.00|0.00|0.00|0.00|0.00|0.00|0.00|0.00|0.00|
MINIPROTO|270.00|0.00|9.00|0.00|6.00|3.00|0.00|0.00|0.00|0.00|0.00|0.00|0.00|0.00|0.00|
MINISERVO|54.00|0.00|10.00|0.00|0.00|10.00|0.00|0.00|0.00|0.00|0.00|0.00|0.00|0.00|0.00|
MOC3010|137.00|8.00|3.00|2.00|1.00|0.00|0.00|0.00|0.00|0.00|0.00|0.00|0.00|0.00|0.00|
MOC3011|342.00|25.00|7.00|0.00|5.00|2.00|0.00|0.00|0.00|0.00|0.00|0.00|0.00|0.00|0.00|
MOC3020|93.00|10.00|3.00|1.00|2.00|0.00|0.00|0.00|0.00|0.00|0.00|0.00|0.00|0.00|0.00|
MODULO-CARGADORBATERIA|68.00|6.00|20.00|0.00|0.00|20.00|0.00|0.00|0.00|0.00|0.00|0.00|0.00|0.00|0.00|
MODULO-DC/DC|42.00|8.00|22.00|0.00|0.00|22.00|0.00|0.00|0.00|0.00|0.00|0.00|0.00|0.00|0.00|
MODULO-DRIVERA4988|50.00|7.00|1.00|0.00|0.00|1.00|0.00|0.00|0.00|0.00|0.00|0.00|0.00|0.00|0.00|
MODULO-ENCODER|42.00|6.00|1.00|0.00|1.00|0.00|0.00|0.00|0.00|0.00|0.00|0.00|0.00|0.00|0.00|
MODULO-PAM8403|23.00|1.00|2.00|0.00|2.00|0.00|0.00|0.00|0.00|0.00|0.00|0.00|0.00|0.00|0.00|
MODULO-PUENTEH|65.00|4.00|6.00|1.00|4.00|1.00|0.00|0.00|0.00|0.00|0.00|0.00|0.00|0.00|0.00|
MODULO-REELE1C|105.00|4.00|5.00|0.00|4.00|1.00|0.00|0.00|0.00|0.00|0.00|0.00|0.00|0.00|0.00|
MODULO-REELE2C|50.00|1.00|2.00|0.00|2.00|0.00|0.00|0.00|0.00|0.00|0.00|0.00|0.00|0.00|0.00|
MODULO-REELE8C|1.00|0.00|15.00|0.00|14.00|1.00|0.00|0.00|0.00|0.00|0.00|0.00|0.00|0.00|0.00|
MODULO-RFIDRC522|25.00|1.00|5.00|0.00|3.00|2.00|0.00|0.00|0.00|0.00|0.00|0.00|0.00|0.00|0.00|
MODULO-RGP|109.00|4.00|1.00|0.00|0.00|1.00|0.00|0.00|0.00|0.00|0.00|0.00|0.00|0.00|0.00|
MODULO-ULN2003|35.50|6.00|6.50|0.00|2.00|4.50|0.00|0.00|0.00|0.00|0.00|0.00|0.00|0.00|0.00|
MODULO-USB/TTL|21.00|4.00|1.00|0.00|1.00|0.00|0.00|0.00|0.00|0.00|0.00|0.00|0.00|0.00|0.00|
MODULO-WIFI|23.00|0.00|2.00|0.00|1.00|1.00|0.00|0.00|0.00|0.00|0.00|0.00|0.00|0.00|0.00|
MODULODC/DCMT3608|(null)|7.00|15.00|0.00|0.00|15.00|0.00|0.00|0.00|0.00|0.00|0.00|0.00|0.00|0.00|
MOTOR12VAMA|0.00|0.00|2.00|2.00|0.00|0.00|0.00|0.00|0.00|0.00|0.00|0.00|0.00|0.00|0.00|
MOTOR5V|344.00|8.00|25.00|0.00|10.00|15.00|0.00|0.00|0.00|0.00|0.00|0.00|0.00|0.00|0.00|
MOTOR9V|0.00|0.00|17.00|1.00|16.00|0.00|0.00|0.00|0.00|0.00|0.00|0.00|0.00|0.00|0.00|
MOTOREDUCTORI |533.00|12.00|93.00|1.00|59.00|30.00|3.00|0.00|0.00|0.00|0.00|0.00|0.00|0.00|0.00|
MOTORGDE12V|800.00|20.00|74.00|4.00|43.00|27.00|0.00|0.00|0.00|0.00|0.00|0.00|0.00|0.00|0.00|
MPS2222A|1433.00|34.00|184.00|6.00|122.00|56.00|0.00|0.00|0.00|0.00|0.00|0.00|0.00|0.00|0.00|
MR752 (NTE5814)|0.00|0.00|1.00|0.00|1.00|0.00|0.00|0.00|0.00|0.00|0.00|0.00|0.00|0.00|0.00|
MUL-005|11.00|3.00|12.00|1.00|9.00|2.00|0.00|0.00|0.00|0.00|0.00|0.00|0.00|0.00|0.00|
MUL-050|31.00|1.00|3.00|0.00|3.00|0.00|0.00|0.00|0.00|0.00|0.00|0.00|0.00|0.00|0.00|
MUL-312|7.00|0.00|2.00|0.00|1.00|1.00|0.00|0.00|0.00|0.00|0.00|0.00|0.00|0.00|0.00|
NE555|1387.00|39.00|99.00|7.00|17.00|75.00|0.00|0.00|0.00|0.00|0.00|0.00|0.00|0.00|0.00|
NEONDESNUDO|68.00|21.00|3.00|2.00|1.00|0.00|0.00|0.00|0.00|0.00|0.00|0.00|0.00|0.00|0.00|
NEONENCAPSULADO-A|0.00|10.00|25.00|0.00|20.00|0.00|5.00|0.00|0.00|0.00|0.00|0.00|0.00|0.00|0.00|
NEONENCAPSULADO-R|9.00|18.00|34.00|0.00|29.00|5.00|0.00|0.00|0.00|0.00|0.00|0.00|0.00|0.00|0.00|
NEONENCAPSULADO-V|4.00|8.00|29.00|1.00|21.00|1.00|6.00|0.00|0.00|0.00|0.00|0.00|0.00|0.00|0.00|
OP07|218.00|19.00|1.00|0.00|1.00|0.00|0.00|0.00|0.00|0.00|0.00|0.00|0.00|0.00|0.00|
OPTOIN|117.00|50.00|8.00|0.00|2.00|6.00|0.00|0.00|0.00|0.00|0.00|0.00|0.00|0.00|0.00|
ORGANIZADOR11|12.00|1.00|16.00|1.00|11.00|4.00|0.00|0.00|0.00|0.00|0.00|0.00|0.00|0.00|0.00|
ORGANIZADOR13|13.00|1.00|11.00|3.00|5.00|3.00|0.00|0.00|0.00|0.00|0.00|0.00|0.00|0.00|0.00|
ORGANIZADOR15|10.00|0.00|2.00|0.00|2.00|0.00|0.00|0.00|0.00|0.00|0.00|0.00|0.00|0.00|0.00|
ORGANIZADOR17|4.00|1.00|1.00|0.00|1.00|0.00|0.00|0.00|0.00|0.00|0.00|0.00|0.00|0.00|0.00|
PAQARDUINO|-1.00|0.00|2.00|0.00|2.00|0.00|0.00|0.00|0.00|0.00|0.00|0.00|0.00|0.00|0.00|
PAQCOM|12.00|0.00|36.00|1.00|24.00|11.00|0.00|0.00|0.00|0.00|0.00|0.00|0.00|0.00|0.00|
PAQPIC16F84|0.00|0.00|13.00|5.00|6.00|2.00|0.00|0.00|0.00|0.00|0.00|0.00|0.00|0.00|0.00|
PAQPROTO|-6.00|0.00|16.00|4.00|6.00|6.00|0.00|0.00|0.00|0.00|0.00|0.00|0.00|0.00|0.00|
PAQREDES08|-6.00|0.00|3.00|0.00|3.00|0.00|0.00|0.00|0.00|0.00|0.00|0.00|0.00|0.00|0.00|
PASTA|32.00|3.00|25.00|8.00|12.00|5.00|0.00|0.00|0.00|0.00|0.00|0.00|0.00|0.00|0.00|
PCAUTINAM|16.00|1.00|1.00|0.00|1.00|0.00|0.00|0.00|0.00|0.00|0.00|0.00|0.00|0.00|0.00|
PEGAMENTOEPOXICO|0.00|0.00|2.00|0.00|2.00|0.00|0.00|0.00|0.00|0.00|0.00|0.00|0.00|0.00|0.00|
PERFOCEL30x30|0.00|0.00|9.00|0.00|9.00|0.00|0.00|0.00|0.00|0.00|0.00|0.00|0.00|0.00|0.00|
PERFOCEL60x60|6.00|1.00|3.00|0.00|3.00|0.00|0.00|0.00|0.00|0.00|0.00|0.00|0.00|0.00|0.00|
PERILLAECONOMICA|142.00|31.00|24.00|0.00|24.00|0.00|0.00|0.00|0.00|0.00|0.00|0.00|0.00|0.00|0.00|
PIC16F628|130.00|13.00|5.00|0.00|2.00|3.00|0.00|0.00|0.00|0.00|0.00|0.00|0.00|0.00|0.00|
PIC16F84|10.00|18.00|24.00|3.00|13.00|8.00|0.00|0.00|0.00|0.00|0.00|0.00|0.00|0.00|0.00|
PIC16F887|97.00|7.00|15.00|3.00|6.00|6.00|0.00|0.00|0.00|0.00|0.00|0.00|0.00|0.00|0.00|
PIEZOELECTRICO|195.00|10.00|50.00|2.00|0.00|48.00|0.00|0.00|0.00|0.00|0.00|0.00|0.00|0.00|0.00|
PILA-AAAVOLTECH|44.00|3.00|4.00|0.00|4.00|0.00|0.00|0.00|0.00|0.00|0.00|0.00|0.00|0.00|0.00|
PILA-AAVOLTECH|90.00|22.00|15.00|1.00|6.00|8.00|0.00|0.00|0.00|0.00|0.00|0.00|0.00|0.00|0.00|
PILA23A|0.00|1.00|3.00|1.00|2.00|0.00|0.00|0.00|0.00|0.00|0.00|0.00|0.00|0.00|0.00|
PILA3VCR2016|89.00|9.00|1.00|0.00|1.00|0.00|0.00|0.00|0.00|0.00|0.00|0.00|0.00|0.00|0.00|
PILA3VCR2025|12.00|0.00|2.00|0.00|2.00|0.00|0.00|0.00|0.00|0.00|0.00|0.00|0.00|0.00|0.00|
PILA9VDURACELL|0.00|0.00|1.00|0.00|1.00|0.00|0.00|0.00|0.00|0.00|0.00|0.00|0.00|0.00|0.00|
PILA9VRECARGABLE|10.00|2.00|2.00|1.00|0.00|1.00|0.00|0.00|0.00|0.00|0.00|0.00|0.00|0.00|0.00|
PILA9VVOLTECH|50.00|0.00|146.00|31.00|98.00|17.00|0.00|0.00|0.00|0.00|0.00|0.00|0.00|0.00|0.00|
PILAD1.5V|4.00|0.00|3.00|0.00|3.00|0.00|0.00|0.00|0.00|0.00|0.00|0.00|0.00|0.00|0.00|
PINZAS-RJ45|7.00|1.00|20.00|4.00|16.00|0.00|0.00|0.00|0.00|0.00|0.00|0.00|0.00|0.00|0.00|
PINZASCORTE|6.00|2.00|19.00|4.00|12.00|3.00|0.00|0.00|0.00|0.00|0.00|0.00|0.00|0.00|0.00|
PINZASPUNTA|14.00|7.00|6.00|1.00|4.00|1.00|0.00|0.00|0.00|0.00|0.00|0.00|0.00|0.00|0.00|
PINZASPUNTAYCORTE|18.00|2.00|22.00|4.00|14.00|3.00|1.00|0.00|0.00|0.00|0.00|0.00|0.00|0.00|0.00|
PLACA02CHALUPA|136.00|1.00|1.00|0.00|0.00|1.00|0.00|0.00|0.00|0.00|0.00|0.00|0.00|0.00|0.00|
PLACA10X10|257.00|2.00|7.00|1.00|6.00|0.00|0.00|0.00|0.00|0.00|0.00|0.00|0.00|0.00|0.00|
PLACA10X10DC|1.00|2.00|2.00|0.00|2.00|0.00|0.00|0.00|0.00|0.00|0.00|0.00|0.00|0.00|0.00|
PLACA15X15|38.00|2.00|1.00|1.00|0.00|0.00|0.00|0.00|0.00|0.00|0.00|0.00|0.00|0.00|0.00|
PLACA5X10|192.00|8.00|3.00|1.00|2.00|0.00|0.00|0.00|0.00|0.00|0.00|0.00|0.00|0.00|0.00|
PLACA5X5|234.00|11.00|7.00|2.00|5.00|0.00|0.00|0.00|0.00|0.00|0.00|0.00|0.00|0.00|0.00|
PLACAPER5X10|40.00|11.00|5.00|0.00|4.00|1.00|0.00|0.00|0.00|0.00|0.00|0.00|0.00|0.00|0.00|
PLACAPER5X5|51.00|17.00|4.00|1.00|0.00|3.00|0.00|0.00|0.00|0.00|0.00|0.00|0.00|0.00|0.00|
PLACAPERF405|25.00|33.00|26.00|0.00|23.00|3.00|0.00|0.00|0.00|0.00|0.00|0.00|0.00|0.00|0.00|
PLACAPERFTPRO-400|53.00|17.00|48.00|0.00|40.00|7.00|1.00|0.00|0.00|0.00|0.00|0.00|0.00|0.00|0.00|
PLUG3.5MM-ESTEREO|33.00|7.00|7.00|0.00|7.00|0.00|0.00|0.00|0.00|0.00|0.00|0.00|0.00|0.00|0.00|
PLUG3.5MM-VIDEO|11.00|7.00|1.00|1.00|0.00|0.00|0.00|0.00|0.00|0.00|0.00|0.00|0.00|0.00|0.00|
PLUGINVERTIDO2.1MM|244.00|4.00|10.00|3.00|7.00|0.00|0.00|0.00|0.00|0.00|0.00|0.00|0.00|0.00|0.00|
PORTAFUAUTOMOTRIZ-TA|88.00|14.00|6.00|0.00|6.00|0.00|0.00|0.00|0.00|0.00|0.00|0.00|0.00|0.00|0.00|
PORTAFUAUTOMOTRIZ-TE|131.00|14.00|14.00|0.00|14.00|0.00|0.00|0.00|0.00|0.00|0.00|0.00|0.00|0.00|0.00|
PORTAFUPRESION-TA|42.00|19.00|2.00|0.00|0.00|2.00|0.00|0.00|0.00|0.00|0.00|0.00|0.00|0.00|0.00|
PORTAFUPRESION-TE|53.00|0.00|21.00|0.00|21.00|0.00|0.00|0.00|0.00|0.00|0.00|0.00|0.00|0.00|0.00|
PORTAFUROSCA-TA|23.00|0.00|12.00|0.00|2.00|10.00|0.00|0.00|0.00|0.00|0.00|0.00|0.00|0.00|0.00|
PORTAFUROSCA-TE|78.00|0.00|6.00|3.00|3.00|0.00|0.00|0.00|0.00|0.00|0.00|0.00|0.00|0.00|0.00|
PORTAPILA2-M|27.00|22.00|4.00|0.00|3.00|1.00|0.00|0.00|0.00|0.00|0.00|0.00|0.00|0.00|0.00|
PORTAPILA4-M|33.00|10.00|6.00|0.00|3.00|3.00|0.00|0.00|0.00|0.00|0.00|0.00|0.00|0.00|0.00|
POT100K|0.00|36.00|39.00|4.00|21.00|14.00|0.00|0.00|0.00|0.00|0.00|0.00|0.00|0.00|0.00|
POT10K|720.00|8.00|100.00|1.00|85.00|12.00|2.00|0.00|0.00|0.00|0.00|0.00|0.00|0.00|0.00|
POT10K2W|81.00|3.00|4.00|0.00|3.00|1.00|0.00|0.00|0.00|0.00|0.00|0.00|0.00|0.00|0.00|
POT1K|46.00|16.00|49.00|2.00|37.00|10.00|0.00|0.00|0.00|0.00|0.00|0.00|0.00|0.00|0.00|
POT1M|122.00|14.00|4.00|0.00|1.00|3.00|0.00|0.00|0.00|0.00|0.00|0.00|0.00|0.00|0.00|
POT20K|89.00|15.00|13.00|2.00|6.00|5.00|0.00|0.00|0.00|0.00|0.00|0.00|0.00|0.00|0.00|
POT250K|22.00|15.00|2.00|0.00|1.00|1.00|0.00|0.00|0.00|0.00|0.00|0.00|0.00|0.00|0.00|
POT2K|87.00|29.00|6.00|0.00|6.00|0.00|0.00|0.00|0.00|0.00|0.00|0.00|0.00|0.00|0.00|
POT500K|318.00|16.00|4.00|4.00|0.00|0.00|0.00|0.00|0.00|0.00|0.00|0.00|0.00|0.00|0.00|
POT50K|13.00|27.00|66.00|7.00|6.00|53.00|0.00|0.00|0.00|0.00|0.00|0.00|0.00|0.00|0.00|
POT5K|943.00|35.00|69.00|4.00|42.00|23.00|0.00|0.00|0.00|0.00|0.00|0.00|0.00|0.00|0.00|
POT5K2W|(null)|0.00|3.00|0.00|3.00|0.00|0.00|0.00|0.00|0.00|0.00|0.00|0.00|0.00|0.00|
PROBADOR-RJ45|0.00|0.00|9.00|4.00|5.00|0.00|0.00|0.00|0.00|0.00|0.00|0.00|0.00|0.00|0.00|
PROBADOR-RJ45ECO|0.00|0.00|3.00|0.00|3.00|0.00|0.00|0.00|0.00|0.00|0.00|0.00|0.00|0.00|0.00|
PROTO-005|231.00|0.00|14.00|0.00|8.00|6.00|0.00|0.00|0.00|0.00|0.00|0.00|0.00|0.00|0.00|
PROTO-016|618.00|18.00|85.00|15.00|47.00|22.00|1.00|0.00|0.00|0.00|0.00|0.00|0.00|0.00|0.00|
PROTO-102|557.00|8.00|78.00|14.00|47.00|17.00|0.00|0.00|0.00|0.00|0.00|0.00|0.00|0.00|0.00|
PROTO-103|20.00|6.00|12.00|2.00|5.00|5.00|0.00|0.00|0.00|0.00|0.00|0.00|0.00|0.00|0.00|
PROYECTO|3.00|0.00|5.00|0.00|4.00|1.00|0.00|0.00|0.00|0.00|0.00|0.00|0.00|0.00|0.00|
PUEDIO2A|147.00|43.00|22.00|3.00|14.00|5.00|0.00|0.00|0.00|0.00|0.00|0.00|0.00|0.00|0.00|
PUEDIO35A|0.00|4.00|1.00|0.00|0.00|1.00|0.00|0.00|0.00|0.00|0.00|0.00|0.00|0.00|0.00|
PUEDIO4A|113.00|25.00|1.00|0.00|1.00|0.00|0.00|0.00|0.00|0.00|0.00|0.00|0.00|0.00|0.00|
PUNTAMULTI|37.00|2.00|1.00|0.00|0.00|1.00|0.00|0.00|0.00|0.00|0.00|0.00|0.00|0.00|0.00|
PUNTAMULTI03|25.00|1.00|2.00|0.00|1.00|1.00|0.00|0.00|0.00|0.00|0.00|0.00|0.00|0.00|0.00|
PUNTAOSC2|1248.00|38.00|24.00|8.00|15.00|1.00|0.00|0.00|0.00|0.00|0.00|0.00|0.00|0.00|0.00|
PUNTB/B|62.00|5.00|6.00|2.00|0.00|4.00|0.00|0.00|0.00|0.00|0.00|0.00|0.00|0.00|0.00|
PUNTB/B-APILABLE|483.00|0.00|2.50|2.50|0.00|0.00|0.00|0.00|0.00|0.00|0.00|0.00|0.00|0.00|0.00|
PUNTB/C|740.00|22.00|39.00|11.00|28.00|0.00|0.00|0.00|0.00|0.00|0.00|0.00|0.00|0.00|0.00|
PUNTBNC/BNC|243.00|17.00|9.00|3.00|6.00|0.00|0.00|0.00|0.00|0.00|0.00|0.00|0.00|0.00|0.00|
PUNTC/C|218.00|13.00|36.00|11.00|20.00|5.00|0.00|0.00|0.00|0.00|0.00|0.00|0.00|0.00|0.00|
PUSH2P|6493.00|198.00|451.00|98.00|245.00|104.00|4.00|0.00|0.00|0.00|0.00|0.00|0.00|0.00|0.00|
PUSH4P|2427.00|13.00|4.00|0.00|4.00|0.00|0.00|0.00|0.00|0.00|0.00|0.00|0.00|0.00|0.00|
PUSH4PGDE|0.00|19.00|1.00|0.00|1.00|0.00|0.00|0.00|0.00|0.00|0.00|0.00|0.00|0.00|0.00|
PUSHCUADGDE-VER|0.00|1.00|1.00|0.00|1.00|0.00|0.00|0.00|0.00|0.00|0.00|0.00|0.00|0.00|0.00|
PUSHCUADRADO|6.00|5.00|7.00|0.00|4.00|3.00|0.00|0.00|0.00|0.00|0.00|0.00|0.00|0.00|0.00|
PUSHNEGRO|233.00|16.00|23.00|5.00|17.00|1.00|0.00|0.00|0.00|0.00|0.00|0.00|0.00|0.00|0.00|
PUSHROJO|131.00|37.00|34.00|12.00|21.00|1.00|0.00|0.00|0.00|0.00|0.00|0.00|0.00|0.00|0.00|
QRD1114|49.00|11.00|4.00|0.00|4.00|0.00|0.00|0.00|0.00|0.00|0.00|0.00|0.00|0.00|0.00|
R0.1w5|0.00|3.00|1.00|0.00|0.00|1.00|0.00|0.00|0.00|0.00|0.00|0.00|0.00|0.00|0.00|
R0.33w5|6.00|0.00|1.00|0.00|0.00|1.00|0.00|0.00|0.00|0.00|0.00|0.00|0.00|0.00|0.00|
R0.47w5|70.00|10.00|2.00|0.00|2.00|0.00|0.00|0.00|0.00|0.00|0.00|0.00|0.00|0.00|0.00|
R1.2Kw1|712.00|49.00|22.00|0.00|0.00|22.00|0.00|0.00|0.00|0.00|0.00|0.00|0.00|0.00|0.00|
R1.2Kw1/2|5183.00|175.00|125.00|20.00|80.00|25.00|0.00|0.00|0.00|0.00|0.00|0.00|0.00|0.00|0.00|
R1.2Kw2|484.00|0.00|1.00|1.00|0.00|0.00|0.00|0.00|0.00|0.00|0.00|0.00|0.00|0.00|0.00|
R1.5Kw1|4.00|0.00|6.00|1.00|3.00|2.00|0.00|0.00|0.00|0.00|0.00|0.00|0.00|0.00|0.00|
R1.5Kw1/2|7659.00|105.00|125.00|10.00|100.00|15.00|0.00|0.00|0.00|0.00|0.00|0.00|0.00|0.00|0.00|
R1.5w1/2|5100.00|105.00|5.00|0.00|0.00|5.00|0.00|0.00|0.00|0.00|0.00|0.00|0.00|0.00|0.00|
R1.8Kw1/2|4905.00|230.00|20.00|10.00|5.00|5.00|0.00|0.00|0.00|0.00|0.00|0.00|0.00|0.00|0.00|
R1.8w1/2|3525.00|340.00|9.00|0.00|0.00|9.00|0.00|0.00|0.00|0.00|0.00|0.00|0.00|0.00|0.00|
R100Kw1/2|13163.00|942.00|425.00|25.00|100.00|300.00|0.00|0.00|0.00|0.00|0.00|0.00|0.00|0.00|0.00|
R100w1|784.00|82.00|4.00|0.00|4.00|0.00|0.00|0.00|0.00|0.00|0.00|0.00|0.00|0.00|0.00|
R100w1/2|9269.00|0.00|680.00|80.00|405.00|190.00|5.00|0.00|0.00|0.00|0.00|0.00|0.00|0.00|0.00|
R100w10|75.00|18.00|3.00|0.00|3.00|0.00|0.00|0.00|0.00|0.00|0.00|0.00|0.00|0.00|0.00|
R100w2|282.00|27.00|4.00|0.00|0.00|4.00|0.00|0.00|0.00|0.00|0.00|0.00|0.00|0.00|0.00|
R10Kw1/2|40494.00|270.00|770.00|60.00|385.00|325.00|0.00|0.00|0.00|0.00|0.00|0.00|0.00|0.00|0.00|
R10Mw1/2|6860.00|402.00|30.00|0.00|30.00|0.00|0.00|0.00|0.00|0.00|0.00|0.00|0.00|0.00|0.00|
R10w1/2|5290.00|735.00|531.00|80.00|251.00|200.00|0.00|0.00|0.00|0.00|0.00|0.00|0.00|0.00|0.00|
R10w25|252.00|16.00|3.00|0.00|3.00|0.00|0.00|0.00|0.00|0.00|0.00|0.00|0.00|0.00|0.00|
R120Kw1/2|5575.00|120.00|55.00|5.00|50.00|0.00|0.00|0.00|0.00|0.00|0.00|0.00|0.00|0.00|0.00|
R120w1/2|5525.00|400.00|90.00|15.00|15.00|60.00|0.00|0.00|0.00|0.00|0.00|0.00|0.00|0.00|0.00|
R120w25|112.00|16.00|33.00|0.00|29.00|4.00|0.00|0.00|0.00|0.00|0.00|0.00|0.00|0.00|0.00|
R12Kw1/2|8805.00|120.00|15.00|0.00|5.00|10.00|0.00|0.00|0.00|0.00|0.00|0.00|0.00|0.00|0.00|
R12w1/2|3295.00|120.00|50.00|20.00|0.00|30.00|0.00|0.00|0.00|0.00|0.00|0.00|0.00|0.00|0.00|
R150Kw1/2|5220.00|82.00|15.00|10.00|5.00|0.00|0.00|0.00|0.00|0.00|0.00|0.00|0.00|0.00|0.00|
R150w1|569.00|13.00|18.00|0.00|18.00|0.00|0.00|0.00|0.00|0.00|0.00|0.00|0.00|0.00|0.00|
R150w1/2|4330.00|235.00|207.00|65.00|97.00|45.00|0.00|0.00|0.00|0.00|0.00|0.00|0.00|0.00|0.00|
R150w2|49.00|12.00|4.00|0.00|0.00|4.00|0.00|0.00|0.00|0.00|0.00|0.00|0.00|0.00|0.00|
R15Kw1/2|5754.00|450.00|55.00|0.00|30.00|25.00|0.00|0.00|0.00|0.00|0.00|0.00|0.00|0.00|0.00|
R15w1/2|7730.00|140.00|40.00|40.00|0.00|0.00|0.00|0.00|0.00|0.00|0.00|0.00|0.00|0.00|0.00|
R15w5|48.00|9.00|1.00|0.00|1.00|0.00|0.00|0.00|0.00|0.00|0.00|0.00|0.00|0.00|0.00|
R180Kw1/2|6515.00|65.00|15.00|5.00|10.00|0.00|0.00|0.00|0.00|0.00|0.00|0.00|0.00|0.00|0.00|
R180w1/2|18460.00|65.00|70.00|15.00|15.00|40.00|0.00|0.00|0.00|0.00|0.00|0.00|0.00|0.00|0.00|
R18Kw1/2|3975.00|180.00|65.00|0.00|45.00|20.00|0.00|0.00|0.00|0.00|0.00|0.00|0.00|0.00|0.00|
R18w1/2|3495.00|98.00|5.00|0.00|5.00|0.00|0.00|0.00|0.00|0.00|0.00|0.00|0.00|0.00|0.00|
R1Kw1|8.00|2.00|10.00|1.00|5.00|4.00|0.00|0.00|0.00|0.00|0.00|0.00|0.00|0.00|0.00|
R1Kw1/2|32689.00|710.00|3092.00|258.00|1658.00|1166.00|10.00|0.00|0.00|0.00|0.00|0.00|0.00|0.00|0.00|
R1Kw25|91.00|39.00|1.00|0.00|1.00|0.00|0.00|0.00|0.00|0.00|0.00|0.00|0.00|0.00|0.00|
R1Mw1/2|4509.00|177.00|240.00|20.00|45.00|175.00|0.00|0.00|0.00|0.00|0.00|0.00|0.00|0.00|0.00|
R1w1|411.00|16.00|13.00|0.00|9.00|4.00|0.00|0.00|0.00|0.00|0.00|0.00|0.00|0.00|0.00|
R1w1/2|681.00|25.00|30.00|0.00|10.00|20.00|0.00|0.00|0.00|0.00|0.00|0.00|0.00|0.00|0.00|
R2.2Kw1/2|11540.00|390.00|240.00|5.00|140.00|95.00|0.00|0.00|0.00|0.00|0.00|0.00|0.00|0.00|0.00|
R2.2w1/2|4120.00|100.00|10.00|0.00|0.00|10.00|0.00|0.00|0.00|0.00|0.00|0.00|0.00|0.00|0.00|
R2.7Kw1/2|2905.00|395.00|90.00|0.00|15.00|75.00|0.00|0.00|0.00|0.00|0.00|0.00|0.00|0.00|0.00|
R2.7w1/2|3145.00|95.00|10.00|0.00|5.00|5.00|0.00|0.00|0.00|0.00|0.00|0.00|0.00|0.00|0.00|
R220Kw1/2|7975.00|95.00|20.00|0.00|20.00|0.00|0.00|0.00|0.00|0.00|0.00|0.00|0.00|0.00|0.00|
R220w1|701.00|134.00|12.00|0.00|2.00|10.00|0.00|0.00|0.00|0.00|0.00|0.00|0.00|0.00|0.00|
R220w1/2|33294.00|1520.00|921.00|85.00|461.00|375.00|0.00|0.00|0.00|0.00|0.00|0.00|0.00|0.00|0.00|
R220w10|160.00|10.00|18.00|0.00|15.00|3.00|0.00|0.00|0.00|0.00|0.00|0.00|0.00|0.00|0.00|
R220w2|160.00|2.00|2.00|0.00|0.00|2.00|0.00|0.00|0.00|0.00|0.00|0.00|0.00|0.00|0.00|
R220w5|128.00|15.00|1.00|0.00|1.00|0.00|0.00|0.00|0.00|0.00|0.00|0.00|0.00|0.00|0.00|
R22Kw1/2|3555.00|100.00|130.00|0.00|105.00|25.00|0.00|0.00|0.00|0.00|0.00|0.00|0.00|0.00|0.00|
R22w1/2|2930.00|100.00|90.00|35.00|30.00|25.00|0.00|0.00|0.00|0.00|0.00|0.00|0.00|0.00|0.00|
R22w10|3.00|9.00|1.00|0.00|1.00|0.00|0.00|0.00|0.00|0.00|0.00|0.00|0.00|0.00|0.00|
R22w25|47.00|5.00|2.00|0.00|2.00|0.00|0.00|0.00|0.00|0.00|0.00|0.00|0.00|0.00|0.00|
R270Kw1/2|6190.00|74.00|20.00|0.00|15.00|5.00|0.00|0.00|0.00|0.00|0.00|0.00|0.00|0.00|0.00|
R270w1/2|4725.00|140.00|310.00|40.00|225.00|45.00|0.00|0.00|0.00|0.00|0.00|0.00|0.00|0.00|0.00|
R270w2|1.00|17.00|4.00|0.00|0.00|4.00|0.00|0.00|0.00|0.00|0.00|0.00|0.00|0.00|0.00|
R27Kw1/2|10745.00|105.00|25.00|0.00|20.00|5.00|0.00|0.00|0.00|0.00|0.00|0.00|0.00|0.00|0.00|
R27w1/2|4610.00|503.00|15.00|0.00|0.00|15.00|0.00|0.00|0.00|0.00|0.00|0.00|0.00|0.00|0.00|
R3.3Kw1/2|9490.00|285.00|135.00|0.00|70.00|65.00|0.00|0.00|0.00|0.00|0.00|0.00|0.00|0.00|0.00|
R3.3w1/2|2525.00|190.00|15.00|0.00|10.00|5.00|0.00|0.00|0.00|0.00|0.00|0.00|0.00|0.00|0.00|
R3.9Kw1/2|3459.00|160.00|25.00|0.00|15.00|10.00|0.00|0.00|0.00|0.00|0.00|0.00|0.00|0.00|0.00|
R330Kw1/2|50.00|560.00|30.00|0.00|10.00|20.00|0.00|0.00|0.00|0.00|0.00|0.00|0.00|0.00|0.00|
R330w1|452.00|41.00|46.00|0.00|11.00|35.00|0.00|0.00|0.00|0.00|0.00|0.00|0.00|0.00|0.00|
R330w1/2|30627.00|280.00|3029.00|448.00|1831.00|730.00|20.00|0.00|0.00|0.00|0.00|0.00|0.00|0.00|0.00|
R330w10|168.00|20.00|2.00|0.00|0.00|2.00|0.00|0.00|0.00|0.00|0.00|0.00|0.00|0.00|0.00|
R33Kw1/2|6190.00|205.00|80.00|0.00|70.00|10.00|0.00|0.00|0.00|0.00|0.00|0.00|0.00|0.00|0.00|
R33w1/2|6265.00|20.00|125.00|50.00|20.00|55.00|0.00|0.00|0.00|0.00|0.00|0.00|0.00|0.00|0.00|
R33w10|78.00|9.00|11.00|0.00|11.00|0.00|0.00|0.00|0.00|0.00|0.00|0.00|0.00|0.00|0.00|
R390w1/2|7715.00|167.00|90.00|20.00|50.00|20.00|0.00|0.00|0.00|0.00|0.00|0.00|0.00|0.00|0.00|
R39Kw1/2|5025.00|0.00|10.00|0.00|10.00|0.00|0.00|0.00|0.00|0.00|0.00|0.00|0.00|0.00|0.00|
R39w1/2|2780.00|280.00|5.00|0.00|0.00|5.00|0.00|0.00|0.00|0.00|0.00|0.00|0.00|0.00|0.00|
R4.7Kw1/2|18305.00|650.00|301.00|85.00|140.00|76.00|0.00|0.00|0.00|0.00|0.00|0.00|0.00|0.00|0.00|
R4.7w1/2|7660.00|65.00|30.00|0.00|20.00|10.00|0.00|0.00|0.00|0.00|0.00|0.00|0.00|0.00|0.00|
R470Kw1/2|5250.00|300.00|50.00|0.00|45.00|5.00|0.00|0.00|0.00|0.00|0.00|0.00|0.00|0.00|0.00|
R470w1|450.00|72.00|6.00|1.00|5.00|0.00|0.00|0.00|0.00|0.00|0.00|0.00|0.00|0.00|0.00|
R470w1/2|11565.00|825.00|706.00|125.00|245.00|336.00|0.00|0.00|0.00|0.00|0.00|0.00|0.00|0.00|0.00|
R470w5|25.00|12.00|4.00|0.00|0.00|4.00|0.00|0.00|0.00|0.00|0.00|0.00|0.00|0.00|0.00|
R47Kw1/2|6075.00|185.00|35.00|0.00|30.00|5.00|0.00|0.00|0.00|0.00|0.00|0.00|0.00|0.00|0.00|
R47w1/2|4835.00|65.00|170.00|30.00|90.00|50.00|0.00|0.00|0.00|0.00|0.00|0.00|0.00|0.00|0.00|
R47w10|34.00|7.00|5.00|0.00|5.00|0.00|0.00|0.00|0.00|0.00|0.00|0.00|0.00|0.00|0.00|
R5.6Kw1/2|4730.00|70.00|40.00|0.00|35.00|5.00|0.00|0.00|0.00|0.00|0.00|0.00|0.00|0.00|0.00|
R5.6Mw1/2|4130.00|25.00|10.00|10.00|0.00|0.00|0.00|0.00|0.00|0.00|0.00|0.00|0.00|0.00|0.00|
R5.6w1/2|2935.00|290.00|10.00|0.00|5.00|5.00|0.00|0.00|0.00|0.00|0.00|0.00|0.00|0.00|0.00|
R560Kw1/2|3245.00|40.00|15.00|10.00|5.00|0.00|0.00|0.00|0.00|0.00|0.00|0.00|0.00|0.00|0.00|
R560w1|504.00|164.00|35.00|1.00|2.00|32.00|0.00|0.00|0.00|0.00|0.00|0.00|0.00|0.00|0.00|
R560w1/2|7954.00|160.00|205.00|30.00|115.00|60.00|0.00|0.00|0.00|0.00|0.00|0.00|0.00|0.00|0.00|
R56Kw1/2|5985.00|150.00|10.00|5.00|5.00|0.00|0.00|0.00|0.00|0.00|0.00|0.00|0.00|0.00|0.00|
R56w1/2|5429.00|350.00|60.00|30.00|0.00|30.00|0.00|0.00|0.00|0.00|0.00|0.00|0.00|0.00|0.00|
R56w10|152.00|7.00|10.00|0.00|10.00|0.00|0.00|0.00|0.00|0.00|0.00|0.00|0.00|0.00|0.00|
R6.8Kw1/2|4765.00|155.00|140.00|0.00|50.00|90.00|0.00|0.00|0.00|0.00|0.00|0.00|0.00|0.00|0.00|
R6.8w1/2|5675.00|80.00|10.00|0.00|0.00|10.00|0.00|0.00|0.00|0.00|0.00|0.00|0.00|0.00|0.00|
R680Kw1/2|1840.00|810.00|10.00|0.00|5.00|5.00|0.00|0.00|0.00|0.00|0.00|0.00|0.00|0.00|0.00|
R680w1|13.00|3.00|8.00|0.00|0.00|8.00|0.00|0.00|0.00|0.00|0.00|0.00|0.00|0.00|0.00|
R680w1/2|10280.00|95.00|75.00|25.00|35.00|15.00|0.00|0.00|0.00|0.00|0.00|0.00|0.00|0.00|0.00|
R68Kw1/2|3290.00|175.00|15.00|5.00|5.00|5.00|0.00|0.00|0.00|0.00|0.00|0.00|0.00|0.00|0.00|
R68w1/2|2685.00|30.00|60.00|15.00|10.00|35.00|0.00|0.00|0.00|0.00|0.00|0.00|0.00|0.00|0.00|
R68w10|81.00|17.00|2.00|0.00|2.00|0.00|0.00|0.00|0.00|0.00|0.00|0.00|0.00|0.00|0.00|
R8.2Kw1/2|3360.00|35.00|5.00|0.00|5.00|0.00|0.00|0.00|0.00|0.00|0.00|0.00|0.00|0.00|0.00|
R8.2w1/2|5395.00|73.00|20.00|0.00|0.00|20.00|0.00|0.00|0.00|0.00|0.00|0.00|0.00|0.00|0.00|
R820w1|537.00|175.00|38.00|0.00|0.00|38.00|0.00|0.00|0.00|0.00|0.00|0.00|0.00|0.00|0.00|
R820w1/2|8239.00|85.00|22.00|0.00|10.00|12.00|0.00|0.00|0.00|0.00|0.00|0.00|0.00|0.00|0.00|
R82Kw1/2|5630.00|185.00|10.00|0.00|0.00|10.00|0.00|0.00|0.00|0.00|0.00|0.00|0.00|0.00|0.00|
R82w1/2|2370.00|845.00|50.00|25.00|0.00|25.00|0.00|0.00|0.00|0.00|0.00|0.00|0.00|0.00|0.00|
REEDSWITCH|1862.00|9.00|1.00|0.00|1.00|0.00|0.00|0.00|0.00|0.00|0.00|0.00|0.00|0.00|0.00|
REEL12V|3.00|16.00|19.00|1.00|9.00|9.00|0.00|0.00|0.00|0.00|0.00|0.00|0.00|0.00|0.00|
REEL5V|16.00|46.00|98.00|1.00|79.00|16.00|2.00|0.00|0.00|0.00|0.00|0.00|0.00|0.00|0.00|
REEL6V|45.00|30.00|19.00|0.00|19.00|0.00|0.00|0.00|0.00|0.00|0.00|0.00|0.00|0.00|0.00|
REELAUTOM-12V|7.00|55.00|23.00|12.00|11.00|0.00|0.00|0.00|0.00|0.00|0.00|0.00|0.00|0.00|0.00|
RUEDALOCACHI|18.00|0.00|7.00|0.00|6.00|1.00|0.00|0.00|0.00|0.00|0.00|0.00|0.00|0.00|0.00|
RUEDALOCAGDE|20.00|2.00|7.00|0.00|7.00|0.00|0.00|0.00|0.00|0.00|0.00|0.00|0.00|0.00|0.00|
SENSOR-DEFUERZA|12.00|0.00|1.00|0.00|1.00|0.00|0.00|0.00|0.00|0.00|0.00|0.00|0.00|0.00|0.00|
SENSOR-FLEX|0.00|3.00|1.00|0.00|1.00|0.00|0.00|0.00|0.00|0.00|0.00|0.00|0.00|0.00|0.00|
SENSOR-HALL|43.00|3.00|2.00|2.00|0.00|0.00|0.00|0.00|0.00|0.00|0.00|0.00|0.00|0.00|0.00|
SENSOR-ULTRASONICO|95.00|9.00|5.00|0.00|0.00|5.00|0.00|0.00|0.00|0.00|0.00|0.00|0.00|0.00|0.00|
SERVOMG-945|40.00|2.00|4.00|0.00|3.00|1.00|0.00|0.00|0.00|0.00|0.00|0.00|0.00|0.00|0.00|
SHIELIMPRESORA3D|6.00|2.00|1.00|0.00|1.00|0.00|0.00|0.00|0.00|0.00|0.00|0.00|0.00|0.00|0.00|
SLIM01|1090.00|0.00|30.00|30.00|0.00|0.00|0.00|0.00|0.00|0.00|0.00|0.00|0.00|0.00|0.00|
SOCKETROSCA|155.00|4.00|3.00|1.00|2.00|0.00|0.00|0.00|0.00|0.00|0.00|0.00|0.00|0.00|0.00|
SOLDADURA|303.50|64.00|51.00|10.00|32.00|9.00|0.00|0.00|0.00|0.00|0.00|0.00|0.00|0.00|0.00|
SOQUETBAYONETA|20.00|9.00|38.00|0.00|37.00|1.00|0.00|0.00|0.00|0.00|0.00|0.00|0.00|0.00|0.00|
SOQUETBLANCO|85.00|12.00|7.00|0.00|7.00|0.00|0.00|0.00|0.00|0.00|0.00|0.00|0.00|0.00|0.00|
SOQUETFOCO7.5W|184.00|27.00|99.00|0.00|92.00|7.00|0.00|0.00|0.00|0.00|0.00|0.00|0.00|0.00|0.00|
SUJETADOR-10|108.00|26.00|35.00|9.00|26.00|0.00|0.00|0.00|0.00|0.00|0.00|0.00|0.00|0.00|0.00|
SUJETADOR-20|87.00|13.00|20.00|0.00|20.00|0.00|0.00|0.00|0.00|0.00|0.00|0.00|0.00|0.00|0.00|
TCRT5000|36.00|0.00|1.00|1.00|0.00|0.00|0.00|0.00|0.00|0.00|0.00|0.00|0.00|0.00|0.00|
TERMINALDUPONT-H|9580.00|0.00|20.00|15.00|5.00|0.00|0.00|0.00|0.00|0.00|0.00|0.00|0.00|0.00|0.00|
TERMINALDUPONT-M|9480.00|53.00|15.00|15.00|0.00|0.00|0.00|0.00|0.00|0.00|0.00|0.00|0.00|0.00|0.00|
TERMISTOR10K|423.00|77.00|22.00|1.00|1.00|20.00|0.00|0.00|0.00|0.00|0.00|0.00|0.00|0.00|0.00|
THERMOFIT1/4|171.00|0.00|17.50|4.00|9.50|4.00|0.00|0.00|0.00|0.00|0.00|0.00|0.00|0.00|0.00|
THERMOFIT3/16|8.00|0.00|3.00|3.00|0.00|0.00|0.00|0.00|0.00|0.00|0.00|0.00|0.00|0.00|0.00|
THERMOFIT3/32|45.50|0.00|23.00|2.00|18.50|2.50|0.00|0.00|0.00|0.00|0.00|0.00|0.00|0.00|0.00|
TIP120|0.00|46.00|1.00|0.00|0.00|1.00|0.00|0.00|0.00|0.00|0.00|0.00|0.00|0.00|0.00|
TIP127|33.00|20.00|3.00|0.00|0.00|3.00|0.00|0.00|0.00|0.00|0.00|0.00|0.00|0.00|0.00|
TIP31|471.00|45.00|70.00|1.00|46.00|23.00|0.00|0.00|0.00|0.00|0.00|0.00|0.00|0.00|0.00|
TIP32|183.00|51.00|12.00|1.00|0.00|11.00|0.00|0.00|0.00|0.00|0.00|0.00|0.00|0.00|0.00|
TIP41|316.00|39.00|274.00|7.00|81.00|186.00|0.00|0.00|0.00|0.00|0.00|0.00|0.00|0.00|0.00|
TIP42|236.00|51.00|140.00|6.00|3.00|131.00|0.00|0.00|0.00|0.00|0.00|0.00|0.00|0.00|0.00|
TIRALEDB|6.70|0.00|1.00|0.50|0.00|0.50|0.00|0.00|0.00|0.00|0.00|0.00|0.00|0.00|0.00|
TIRALEDR|7.80|5.00|2.50|0.00|0.00|2.50|0.00|0.00|0.00|0.00|0.00|0.00|0.00|0.00|0.00|
TIRALEDV|17.90|3.50|10.50|0.00|0.00|10.50|0.00|0.00|0.00|0.00|0.00|0.00|0.00|0.00|0.00|
TL081|233.00|10.00|1.00|0.00|0.00|1.00|0.00|0.00|0.00|0.00|0.00|0.00|0.00|0.00|0.00|
TL082|178.00|3.00|2.00|1.00|1.00|0.00|0.00|0.00|0.00|0.00|0.00|0.00|0.00|0.00|0.00|
TL084|570.00|11.00|6.00|0.00|3.00|3.00|0.00|0.00|0.00|0.00|0.00|0.00|0.00|0.00|0.00|
TORNILLO 1"|376.00|24.00|39.00|0.00|39.00|0.00|0.00|0.00|0.00|0.00|0.00|0.00|0.00|0.00|0.00|
TORNILLO1.5|0.00|0.00|8.00|8.00|0.00|0.00|0.00|0.00|0.00|0.00|0.00|0.00|0.00|0.00|0.00|
TRA12V1A|24.00|8.00|16.00|6.00|9.00|1.00|0.00|0.00|0.00|0.00|0.00|0.00|0.00|0.00|0.00|
TRA12V5A|0.00|0.00|1.00|0.00|1.00|0.00|0.00|0.00|0.00|0.00|0.00|0.00|0.00|0.00|0.00|
TRA18V1A|13.00|6.00|9.00|0.00|7.00|2.00|0.00|0.00|0.00|0.00|0.00|0.00|0.00|0.00|0.00|
TRA24V1A|12.00|2.00|35.00|1.00|22.00|12.00|0.00|0.00|0.00|0.00|0.00|0.00|0.00|0.00|0.00|
TRA24V500mA|12.00|1.00|1.00|0.00|0.00|1.00|0.00|0.00|0.00|0.00|0.00|0.00|0.00|0.00|0.00|
TRA24V5A|15.00|2.00|2.00|0.00|2.00|0.00|0.00|0.00|0.00|0.00|0.00|0.00|0.00|0.00|0.00|
TRIM100K|5.00|5.00|2.00|0.00|2.00|0.00|0.00|0.00|0.00|0.00|0.00|0.00|0.00|0.00|0.00|
TRIM10K|28.00|13.00|11.00|0.00|8.00|3.00|0.00|0.00|0.00|0.00|0.00|0.00|0.00|0.00|0.00|
TRIM1K|81.00|23.00|10.00|0.00|10.00|0.00|0.00|0.00|0.00|0.00|0.00|0.00|0.00|0.00|0.00|
TRIM1M|195.00|4.00|1.00|0.00|0.00|1.00|0.00|0.00|0.00|0.00|0.00|0.00|0.00|0.00|0.00|
TRIM20K|212.00|4.00|1.00|0.00|0.00|1.00|0.00|0.00|0.00|0.00|0.00|0.00|0.00|0.00|0.00|
TRIM500K|104.00|17.00|1.00|0.00|0.00|1.00|0.00|0.00|0.00|0.00|0.00|0.00|0.00|0.00|0.00|
TSOLDADURA|64.00|4.00|29.00|3.00|20.00|6.00|0.00|0.00|0.00|0.00|0.00|0.00|0.00|0.00|0.00|
TUERCAMETAL1/8|971.00|0.00|10.00|0.00|10.00|0.00|0.00|0.00|0.00|0.00|0.00|0.00|0.00|0.00|0.00|
ULN2003|120.00|3.00|2.00|0.00|2.00|0.00|0.00|0.00|0.00|0.00|0.00|0.00|0.00|0.00|0.00|
US1881KUA|0.00|5.00|4.00|0.00|1.00|3.00|0.00|0.00|0.00|0.00|0.00|0.00|0.00|0.00|0.00|
USBHEMBRA-A|74.00|6.00|3.00|0.00|0.00|3.00|0.00|0.00|0.00|0.00|0.00|0.00|0.00|0.00|0.00|
VENTILADOR12V|(null)|3.00|6.00|2.00|4.00|0.00|0.00|0.00|0.00|0.00|0.00|0.00|0.00|0.00|0.00|
VENTILADOR5V|478.00|6.00|1.00|0.00|1.00|0.00|0.00|0.00|0.00|0.00|0.00|0.00|0.00|0.00|0.00|
VERNIER|14.00|2.00|1.00|0.00|0.00|1.00|0.00|0.00|0.00|0.00|0.00|0.00|0.00|0.00|0.00|
VOLTIMETRODIGITAL|141.00|28.00|44.00|0.00|44.00|0.00|0.00|0.00|0.00|0.00|0.00|0.00|0.00|0.00|0.00|
ZAPATA-AZUL3/16|813.00|62.00|40.00|18.00|22.00|0.00|0.00|0.00|0.00|0.00|0.00|0.00|0.00|0.00|0.00|
ZAPATA-MACHO|84.00|22.00|6.00|0.00|6.00|0.00|0.00|0.00|0.00|0.00|0.00|0.00|0.00|0.00|0.00|
ZAPATAHEMBRA|20.00|18.00|21.00|0.00|12.00|9.00|0.00|0.00|0.00|0.00|0.00|0.00|0.00|0.00|0.00|
ZAPATAHEMDOBLE|22.00|0.00|16.00|16.00|0.00|0.00|0.00|0.00|0.00|0.00|0.00|0.00|0.00|0.00|0.00|
ZAPATAHEMDOBLEMET|0.00|0.00|4.00|0.00|4.00|0.00|0.00|0.00|0.00|0.00|0.00|0.00|0.00|0.00|0.00|
