cveproducto|ExistenciaMatriz|ExistenciaExpendio|VentaTotal|1|2|3|4|5|6|7|8|9|10|11|12|Producto|
1N34|0.00|1.00|5.00|0.00|0.00|0.00|0.00|0.00|0.00|0.00|5.00|0.00|0.00|0.00|0.00|
1N4001|388.00|21.00|340.00|0.00|0.00|0.00|0.00|0.00|0.00|0.00|135.00|105.00|54.00|46.00|0.00|
1N4002|532.00|28.00|14.00|0.00|0.00|0.00|0.00|0.00|0.00|0.00|7.00|4.00|2.00|1.00|0.00|
1N4003|2046.00|49.00|116.00|0.00|0.00|0.00|0.00|0.00|0.00|0.00|4.00|4.00|41.00|57.00|10.00|
1N4004|453.00|44.00|336.00|0.00|0.00|0.00|0.00|0.00|0.00|0.00|170.00|58.00|51.00|57.00|0.00|
1N4005|506.00|17.00|6.00|0.00|0.00|0.00|0.00|0.00|0.00|0.00|0.00|0.00|4.00|2.00|0.00|
1N4006|445.00|50.00|131.00|0.00|0.00|0.00|0.00|0.00|0.00|0.00|0.00|11.00|112.00|2.00|6.00|
1N4007|848.00|260.00|355.00|0.00|0.00|0.00|0.00|0.00|0.00|0.00|20.00|111.00|56.00|167.00|1.00|
1N4148|603.00|264.00|139.00|0.00|0.00|0.00|0.00|0.00|0.00|0.00|40.00|17.00|47.00|35.00|0.00|
1N5400|109.00|29.00|9.00|0.00|0.00|0.00|0.00|0.00|0.00|0.00|0.00|0.00|9.00|0.00|0.00|
1N5401|280.00|1.00|2.00|0.00|0.00|0.00|0.00|0.00|0.00|0.00|1.00|0.00|0.00|1.00|0.00|
1N5404|0.00|1.00|5.00|0.00|0.00|0.00|0.00|0.00|0.00|0.00|0.00|5.00|0.00|0.00|0.00|
1N5406|265.00|36.00|1.00|0.00|0.00|0.00|0.00|0.00|0.00|0.00|0.00|0.00|0.00|1.00|0.00|
1N5408|15.00|0.00|8.00|0.00|0.00|0.00|0.00|0.00|0.00|0.00|0.00|4.00|0.00|4.00|0.00|
1N5817|13.00|13.00|2.00|0.00|0.00|0.00|0.00|0.00|0.00|0.00|0.00|0.00|0.00|2.00|0.00|
1N5819|7.00|10.00|12.00|0.00|0.00|0.00|0.00|0.00|0.00|0.00|1.00|2.00|4.00|5.00|0.00|
1N60|445.00|48.00|29.00|0.00|0.00|0.00|0.00|0.00|0.00|0.00|23.00|0.00|6.00|0.00|0.00|
1N914|299.00|4.00|1.00|0.00|0.00|0.00|0.00|0.00|0.00|0.00|0.00|0.00|0.00|1.00|0.00|
27512|0.00|14.00|19.00|0.00|0.00|0.00|0.00|0.00|0.00|0.00|0.00|0.00|19.00|0.00|0.00|
2N2222A|0.00|18.00|51.00|0.00|0.00|0.00|0.00|0.00|0.00|0.00|0.00|23.00|5.00|23.00|0.00|
2N2905A|17.00|10.00|10.00|0.00|0.00|0.00|0.00|0.00|0.00|0.00|0.00|0.00|2.00|7.00|1.00|
2N2907A|7.00|7.00|3.00|0.00|0.00|0.00|0.00|0.00|0.00|0.00|0.00|0.00|2.00|0.00|1.00|
2N3055|27.00|1.00|2.00|0.00|0.00|0.00|0.00|0.00|0.00|0.00|0.00|0.00|0.00|2.00|0.00|
2N3904|1038.00|28.00|264.00|0.00|0.00|0.00|0.00|0.00|0.00|0.00|0.00|237.00|9.00|18.00|0.00|
2N3905|74.00|73.00|2.00|0.00|0.00|0.00|0.00|0.00|0.00|0.00|0.00|0.00|0.00|2.00|0.00|
2N3906|1039.00|31.00|257.00|0.00|0.00|0.00|0.00|0.00|0.00|0.00|0.00|241.00|3.00|13.00|0.00|
2N5457|96.00|49.00|1.00|0.00|0.00|0.00|0.00|0.00|0.00|0.00|0.00|0.00|0.00|1.00|0.00|
2N6027|13.00|11.00|3.00|0.00|0.00|0.00|0.00|0.00|0.00|0.00|0.00|2.00|1.00|0.00|0.00|
2N6028|0.00|3.00|2.00|0.00|0.00|0.00|0.00|0.00|0.00|0.00|0.00|2.00|0.00|0.00|0.00|
2N6071|65.00|25.00|41.00|0.00|0.00|0.00|0.00|0.00|0.00|0.00|0.00|4.00|21.00|16.00|0.00|
2N6075|151.00|20.00|1.00|0.00|0.00|0.00|0.00|0.00|0.00|0.00|0.00|0.00|1.00|0.00|0.00|
2N6344|13.00|54.00|5.00|0.00|0.00|0.00|0.00|0.00|0.00|0.00|0.00|1.00|3.00|1.00|0.00|
2RCA-3.5MM|4.00|2.00|1.00|0.00|0.00|0.00|0.00|0.00|0.00|0.00|1.00|0.00|0.00|0.00|0.00|
2SA1015|0.00|22.00|1.00|0.00|0.00|0.00|0.00|0.00|0.00|0.00|0.00|0.00|0.00|1.00|0.00|
2SA1300|0.00|14.00|1.00|0.00|0.00|0.00|0.00|0.00|0.00|0.00|0.00|0.00|1.00|0.00|0.00|
2SC1815GR|20.00|14.00|25.00|0.00|0.00|0.00|0.00|0.00|0.00|0.00|0.00|16.00|0.00|9.00|0.00|
2SD880|2.00|0.00|1.00|0.00|0.00|0.00|0.00|0.00|0.00|0.00|0.00|1.00|0.00|0.00|0.00|
4010|6.00|8.00|1.00|0.00|0.00|0.00|0.00|0.00|0.00|0.00|0.00|0.00|0.00|1.00|0.00|
40106|111.00|16.00|10.00|0.00|0.00|0.00|0.00|0.00|0.00|0.00|0.00|0.00|2.00|8.00|0.00|
4011|111.00|35.00|7.00|0.00|0.00|0.00|0.00|0.00|0.00|0.00|4.00|1.00|0.00|2.00|0.00|
4013|83.00|0.00|19.00|0.00|0.00|0.00|0.00|0.00|0.00|0.00|0.00|16.00|3.00|0.00|0.00|
4017|399.00|38.00|17.00|0.00|0.00|0.00|0.00|0.00|0.00|0.00|2.00|0.00|8.00|7.00|0.00|
4026|10.00|6.00|20.00|0.00|0.00|0.00|0.00|0.00|0.00|0.00|0.00|6.00|1.00|13.00|0.00|
4028|1.00|4.00|3.00|0.00|0.00|0.00|0.00|0.00|0.00|0.00|0.00|0.00|1.00|2.00|0.00|
4045|1.00|3.00|2.00|0.00|0.00|0.00|0.00|0.00|0.00|0.00|2.00|0.00|0.00|0.00|0.00|
4049|25.00|1.00|1.00|0.00|0.00|0.00|0.00|0.00|0.00|0.00|0.00|0.00|0.00|1.00|0.00|
4069|129.00|23.00|39.00|0.00|0.00|0.00|0.00|0.00|0.00|0.00|8.00|1.00|0.00|27.00|3.00|
4071|127.00|18.00|36.00|0.00|0.00|0.00|0.00|0.00|0.00|0.00|5.00|1.00|0.00|27.00|3.00|
4072|230.00|2.00|2.00|0.00|0.00|0.00|0.00|0.00|0.00|0.00|0.00|0.00|2.00|0.00|0.00|
4075|96.00|11.00|11.00|0.00|0.00|0.00|0.00|0.00|0.00|0.00|4.00|1.00|4.00|2.00|0.00|
4077|43.00|10.00|3.00|0.00|0.00|0.00|0.00|0.00|0.00|0.00|0.00|0.00|3.00|0.00|0.00|
4081|215.00|23.00|38.00|0.00|0.00|0.00|0.00|0.00|0.00|0.00|8.00|1.00|0.00|29.00|0.00|
4093|86.00|1.00|9.00|0.00|0.00|0.00|0.00|0.00|0.00|0.00|0.00|0.00|0.00|9.00|0.00|
4510|0.00|18.00|2.00|0.00|0.00|0.00|0.00|0.00|0.00|0.00|0.00|0.00|1.00|1.00|0.00|
4511|3.00|0.00|4.00|0.00|0.00|0.00|0.00|0.00|0.00|0.00|0.00|0.00|0.00|4.00|0.00|
4512|0.00|10.00|10.00|0.00|0.00|0.00|0.00|0.00|0.00|0.00|0.00|0.00|5.00|5.00|0.00|
4N25|309.00|33.00|90.00|0.00|0.00|0.00|0.00|0.00|0.00|0.00|13.00|1.00|49.00|27.00|0.00|
4N26|4.00|16.00|11.00|0.00|0.00|0.00|0.00|0.00|0.00|0.00|0.00|0.00|8.00|3.00|0.00|
4N32|0.00|6.00|8.00|0.00|0.00|0.00|0.00|0.00|0.00|0.00|0.00|2.00|3.00|3.00|0.00|
4N33|108.00|16.00|7.00|0.00|0.00|0.00|0.00|0.00|0.00|0.00|0.00|0.00|4.00|3.00|0.00|
4N35|97.00|10.00|63.00|0.00|0.00|0.00|0.00|0.00|0.00|0.00|0.00|0.00|38.00|25.00|0.00|
6N137|22.00|2.00|2.00|0.00|0.00|0.00|0.00|0.00|0.00|0.00|0.00|2.00|0.00|0.00|0.00|
74HC14|345.00|7.00|1.00|0.00|0.00|0.00|0.00|0.00|0.00|0.00|0.00|0.00|0.00|1.00|0.00|
74HC595|155.00|1.00|9.00|0.00|0.00|0.00|0.00|0.00|0.00|0.00|0.00|0.00|9.00|0.00|0.00|
74LS00|294.00|112.00|101.00|0.00|0.00|0.00|0.00|0.00|0.00|0.00|23.00|22.00|48.00|4.00|4.00|
74LS02|350.00|123.00|140.00|0.00|0.00|0.00|0.00|0.00|0.00|0.00|15.00|37.00|76.00|6.00|6.00|
74LS04|2026.00|76.00|288.00|0.00|0.00|0.00|0.00|0.00|0.00|0.00|105.00|82.00|67.00|26.00|8.00|
74LS05|10.00|25.00|1.00|0.00|0.00|0.00|0.00|0.00|0.00|0.00|0.00|0.00|1.00|0.00|0.00|
74LS08|1749.00|58.00|386.00|0.00|0.00|0.00|0.00|0.00|0.00|0.00|122.00|121.00|100.00|32.00|11.00|
74LS10|185.00|34.00|2.00|0.00|0.00|0.00|0.00|0.00|0.00|0.00|2.00|0.00|0.00|0.00|0.00|
74LS11|19.00|32.00|36.00|0.00|0.00|0.00|0.00|0.00|0.00|0.00|7.00|8.00|16.00|5.00|0.00|
74LS112|251.00|5.00|23.00|0.00|0.00|0.00|0.00|0.00|0.00|0.00|2.00|6.00|3.00|12.00|0.00|
74LS12|59.00|7.00|3.00|0.00|0.00|0.00|0.00|0.00|0.00|0.00|0.00|0.00|3.00|0.00|0.00|
74LS139|46.00|13.00|1.00|0.00|0.00|0.00|0.00|0.00|0.00|0.00|0.00|0.00|1.00|0.00|0.00|
74LS14|25.00|0.00|7.00|0.00|0.00|0.00|0.00|0.00|0.00|0.00|1.00|2.00|4.00|0.00|0.00|
74LS147|145.00|12.00|3.00|0.00|0.00|0.00|0.00|0.00|0.00|0.00|2.00|1.00|0.00|0.00|0.00|
74LS153|137.00|12.00|1.00|0.00|0.00|0.00|0.00|0.00|0.00|0.00|0.00|0.00|1.00|0.00|0.00|
74LS155|36.00|8.00|2.00|0.00|0.00|0.00|0.00|0.00|0.00|0.00|0.00|0.00|0.00|2.00|0.00|
74LS164|24.00|21.00|7.00|0.00|0.00|0.00|0.00|0.00|0.00|0.00|0.00|0.00|7.00|0.00|0.00|
74LS190|117.00|43.00|21.00|0.00|0.00|0.00|0.00|0.00|0.00|0.00|0.00|6.00|6.00|6.00|3.00|
74LS192|187.00|12.00|56.00|0.00|0.00|0.00|0.00|0.00|0.00|0.00|0.00|1.00|40.00|15.00|0.00|
74LS193|255.00|12.00|7.00|0.00|0.00|0.00|0.00|0.00|0.00|0.00|0.00|4.00|0.00|3.00|0.00|
74LS194|23.00|15.00|4.00|0.00|0.00|0.00|0.00|0.00|0.00|0.00|0.00|1.00|1.00|2.00|0.00|
74LS21|105.00|29.00|4.00|0.00|0.00|0.00|0.00|0.00|0.00|0.00|0.00|3.00|1.00|0.00|0.00|
74LS26|0.00|11.00|1.00|0.00|0.00|0.00|0.00|0.00|0.00|0.00|0.00|0.00|1.00|0.00|0.00|
74LS266|44.00|30.00|9.00|0.00|0.00|0.00|0.00|0.00|0.00|0.00|6.00|0.00|0.00|3.00|0.00|
74LS279|81.00|24.00|3.00|0.00|0.00|0.00|0.00|0.00|0.00|0.00|1.00|0.00|2.00|0.00|0.00|
74LS28|1.00|3.00|2.00|0.00|0.00|0.00|0.00|0.00|0.00|0.00|0.00|2.00|0.00|0.00|0.00|
74LS283|85.00|17.00|6.00|0.00|0.00|0.00|0.00|0.00|0.00|0.00|2.00|1.00|2.00|1.00|0.00|
74LS32|1320.00|61.00|293.00|0.00|0.00|0.00|0.00|0.00|0.00|0.00|104.00|80.00|80.00|19.00|10.00|
74LS47|517.00|34.00|92.00|0.00|0.00|0.00|0.00|0.00|0.00|0.00|19.00|22.00|28.00|20.00|3.00|
74LS48|134.00|30.00|26.00|0.00|0.00|0.00|0.00|0.00|0.00|0.00|3.00|5.00|1.00|17.00|0.00|
74LS73|220.00|35.00|15.00|0.00|0.00|0.00|0.00|0.00|0.00|0.00|0.00|0.00|11.00|4.00|0.00|
74LS74|42.00|47.00|33.00|0.00|0.00|0.00|0.00|0.00|0.00|0.00|5.00|3.00|14.00|11.00|0.00|
74LS76|328.00|42.00|5.00|0.00|0.00|0.00|0.00|0.00|0.00|0.00|0.00|0.00|1.00|4.00|0.00|
74LS83|58.00|13.00|1.00|0.00|0.00|0.00|0.00|0.00|0.00|0.00|0.00|0.00|0.00|1.00|0.00|
74LS85|41.00|8.00|5.00|0.00|0.00|0.00|0.00|0.00|0.00|0.00|0.00|0.00|1.00|4.00|0.00|
74LS86|281.00|113.00|80.00|0.00|0.00|0.00|0.00|0.00|0.00|0.00|3.00|24.00|31.00|14.00|8.00|
74LS90|258.00|22.00|24.00|0.00|0.00|0.00|0.00|0.00|0.00|0.00|1.00|4.00|1.00|17.00|1.00|
ACELEROMETROADXL345|4.00|0.00|1.00|0.00|0.00|0.00|0.00|0.00|0.00|0.00|0.00|0.00|1.00|0.00|0.00|
ACELEROMETROYGIRO|40.00|5.00|8.00|0.00|0.00|0.00|0.00|0.00|0.00|0.00|1.00|0.00|0.00|7.00|0.00|
ACOMPRIMIDO|0.00|0.00|3.00|0.00|0.00|0.00|0.00|0.00|0.00|0.00|2.00|0.00|0.00|1.00|0.00|
ACOPLADOR|41.00|6.00|4.00|0.00|0.00|0.00|0.00|0.00|0.00|0.00|0.00|0.00|4.00|0.00|0.00|
ADC0804|6.00|18.00|4.00|0.00|0.00|0.00|0.00|0.00|0.00|0.00|0.00|0.00|4.00|0.00|0.00|
ALAMBRE12-NEGRO|0.00|11.00|30.00|0.00|0.00|0.00|0.00|0.00|0.00|0.00|2.00|22.00|4.00|2.00|0.00|
ALAMBRE2|356.00|54.00|2805.00|0.00|0.00|0.00|0.00|0.00|0.00|0.00|804.00|865.00|531.00|525.00|80.00|
ALCOHOLISOPROPOLICO|22.00|0.00|5.00|0.00|0.00|0.00|0.00|0.00|0.00|0.00|1.00|2.00|1.00|0.00|1.00|
APAGADOR|109.00|2.00|20.00|0.00|0.00|0.00|0.00|0.00|0.00|0.00|2.00|4.00|7.00|7.00|0.00|
APAGADORESCALERA|14.00|5.00|4.00|0.00|0.00|0.00|0.00|0.00|0.00|0.00|2.00|0.00|0.00|2.00|0.00|
ARDUINO-MEGA|52.00|10.00|5.00|0.00|0.00|0.00|0.00|0.00|0.00|0.00|1.00|0.00|2.00|1.00|1.00|
ARDUINO-NANO|36.00|14.00|16.00|0.00|0.00|0.00|0.00|0.00|0.00|0.00|0.00|3.00|8.00|4.00|1.00|
ARDUINO-UNO|116.00|5.00|54.00|0.00|0.00|0.00|0.00|0.00|0.00|0.00|5.00|10.00|18.00|20.00|1.00|
ATMEGA328|143.00|3.00|43.00|0.00|0.00|0.00|0.00|0.00|0.00|0.00|31.00|3.00|4.00|5.00|0.00|
ATTINY2313|0.00|5.00|11.00|0.00|0.00|0.00|0.00|0.00|0.00|0.00|0.00|0.00|6.00|5.00|0.00|
BA3822|0.00|0.00|1.00|0.00|0.00|0.00|0.00|0.00|0.00|0.00|0.00|0.00|1.00|0.00|0.00|
BALERO|0.00|0.00|9.00|0.00|0.00|0.00|0.00|0.00|0.00|0.00|0.00|0.00|0.00|9.00|0.00|
BANANANEGRA|-1.00|0.00|176.00|0.00|0.00|0.00|0.00|0.00|0.00|0.00|1.00|55.00|39.00|81.00|0.00|
BANANAROJA|4.00|2.00|203.00|0.00|0.00|0.00|0.00|0.00|0.00|0.00|1.00|131.00|8.00|63.00|0.00|
BANANATN|772.00|0.00|4.00|0.00|0.00|0.00|0.00|0.00|0.00|0.00|0.00|0.00|0.00|3.00|1.00|
BANANATR|1133.00|0.00|4.00|0.00|0.00|0.00|0.00|0.00|0.00|0.00|0.00|0.00|0.00|3.00|1.00|
BANDADENTADA|(null)|1.00|3.00|0.00|0.00|0.00|0.00|0.00|0.00|0.00|2.00|0.00|0.00|1.00|0.00|
BARRALEDS-R10|145.00|22.00|9.00|0.00|0.00|0.00|0.00|0.00|0.00|0.00|4.00|2.00|1.00|2.00|0.00|
BARRALEDS-V10|50.00|17.00|11.00|0.00|0.00|0.00|0.00|0.00|0.00|0.00|0.00|0.00|2.00|8.00|1.00|
BAS14P|812.00|18.00|28.00|0.00|0.00|0.00|0.00|0.00|0.00|0.00|0.00|16.00|7.00|5.00|0.00|
BAS16P|529.00|12.00|14.00|0.00|0.00|0.00|0.00|0.00|0.00|0.00|0.00|7.00|0.00|7.00|0.00|
BAS18P|1.00|5.00|17.00|0.00|0.00|0.00|0.00|0.00|0.00|0.00|2.00|2.00|3.00|10.00|0.00|
BAS28DEL|28.00|1.00|9.00|0.00|0.00|0.00|0.00|0.00|0.00|0.00|6.00|2.00|0.00|1.00|0.00|
BAS40P|17.00|9.00|14.00|0.00|0.00|0.00|0.00|0.00|0.00|0.00|5.00|4.00|3.00|2.00|0.00|
BAS8P|995.00|20.00|20.00|0.00|0.00|0.00|0.00|0.00|0.00|0.00|6.00|6.00|4.00|4.00|0.00|
BASEFOCO12V5W|6.00|0.00|3.00|0.00|0.00|0.00|0.00|0.00|0.00|0.00|1.00|0.00|1.00|0.00|1.00|
BASEZIF18|0.00|0.00|4.00|0.00|0.00|0.00|0.00|0.00|0.00|0.00|0.00|0.00|0.00|4.00|0.00|
BASEZIF40|99.00|4.00|24.00|0.00|0.00|0.00|0.00|0.00|0.00|0.00|20.00|1.00|1.00|2.00|0.00|
BC107|0.00|19.00|4.00|0.00|0.00|0.00|0.00|0.00|0.00|0.00|0.00|0.00|1.00|1.00|2.00|
BC237A|5.00|3.00|2.00|0.00|0.00|0.00|0.00|0.00|0.00|0.00|0.00|0.00|2.00|0.00|0.00|
BC327A|1579.00|0.00|15.00|0.00|0.00|0.00|0.00|0.00|0.00|0.00|3.00|12.00|0.00|0.00|0.00|
BC327B|1745.00|110.00|24.00|0.00|0.00|0.00|0.00|0.00|0.00|0.00|0.00|19.00|1.00|4.00|0.00|
BC337|2.00|3.00|42.00|0.00|0.00|0.00|0.00|0.00|0.00|0.00|3.00|27.00|6.00|6.00|0.00|
BC546A|4.00|0.00|1.00|0.00|0.00|0.00|0.00|0.00|0.00|0.00|0.00|1.00|0.00|0.00|0.00|
BC546B|3.00|14.00|5.00|0.00|0.00|0.00|0.00|0.00|0.00|0.00|0.00|3.00|2.00|0.00|0.00|
BC547A|4146.00|28.00|36.00|0.00|0.00|0.00|0.00|0.00|0.00|0.00|1.00|10.00|18.00|7.00|0.00|
BC547B|4120.00|46.00|112.00|0.00|0.00|0.00|0.00|0.00|0.00|0.00|22.00|48.00|19.00|22.00|1.00|
BC547C|2773.00|101.00|2.00|0.00|0.00|0.00|0.00|0.00|0.00|0.00|0.00|0.00|2.00|0.00|0.00|
BC548A|0.00|4.00|9.00|0.00|0.00|0.00|0.00|0.00|0.00|0.00|1.00|0.00|5.00|3.00|0.00|
BC548B|905.00|107.00|94.00|0.00|0.00|0.00|0.00|0.00|0.00|0.00|1.00|64.00|12.00|17.00|0.00|
BC549B|0.00|16.00|4.00|0.00|0.00|0.00|0.00|0.00|0.00|0.00|0.00|0.00|0.00|4.00|0.00|
BC549C|0.00|6.00|1.00|0.00|0.00|0.00|0.00|0.00|0.00|0.00|1.00|0.00|0.00|0.00|0.00|
BC556A|2.00|8.00|2.00|0.00|0.00|0.00|0.00|0.00|0.00|0.00|0.00|0.00|0.00|2.00|0.00|
BC557A|3056.00|0.00|4.00|0.00|0.00|0.00|0.00|0.00|0.00|0.00|2.00|2.00|0.00|0.00|0.00|
BC557B|3490.00|27.00|22.00|0.00|0.00|0.00|0.00|0.00|0.00|0.00|3.00|13.00|4.00|2.00|0.00|
BC557C|3704.00|13.00|2.00|0.00|0.00|0.00|0.00|0.00|0.00|0.00|0.00|2.00|0.00|0.00|0.00|
BC558A|0.00|3.00|5.00|0.00|0.00|0.00|0.00|0.00|0.00|0.00|1.00|2.00|0.00|2.00|0.00|
BC558B|251.00|50.00|2.00|0.00|0.00|0.00|0.00|0.00|0.00|0.00|0.00|1.00|1.00|0.00|0.00|
BC559C|4.00|6.00|1.00|0.00|0.00|0.00|0.00|0.00|0.00|0.00|1.00|0.00|0.00|0.00|0.00|
BD135|143.00|16.00|11.00|0.00|0.00|0.00|0.00|0.00|0.00|0.00|1.00|7.00|0.00|3.00|0.00|
BD137|26.00|12.00|14.00|0.00|0.00|0.00|0.00|0.00|0.00|0.00|0.00|14.00|0.00|0.00|0.00|
BD139|8.00|12.00|18.00|0.00|0.00|0.00|0.00|0.00|0.00|0.00|0.00|0.00|13.00|5.00|0.00|
BD140|31.00|13.00|20.00|0.00|0.00|0.00|0.00|0.00|0.00|0.00|0.00|0.00|13.00|7.00|0.00|
BLUETOOTH-HC05|118.00|4.00|8.00|0.00|0.00|0.00|0.00|0.00|0.00|0.00|0.00|0.00|1.00|5.00|2.00|
BLUETOOTH-HC06|12.00|0.00|2.00|0.00|0.00|0.00|0.00|0.00|0.00|0.00|0.00|1.00|1.00|0.00|0.00|
BOBINA100mHy|71.00|4.00|7.00|0.00|0.00|0.00|0.00|0.00|0.00|0.00|1.00|1.00|0.00|5.00|0.00|
BOBINA100µH|-1.00|0.00|2.00|0.00|0.00|0.00|0.00|0.00|0.00|0.00|0.00|2.00|0.00|0.00|0.00|
BOBINA10µH|68.00|2.00|1.00|0.00|0.00|0.00|0.00|0.00|0.00|0.00|0.00|0.00|0.00|1.00|0.00|
BOBINA1mH|907.00|10.00|1.00|0.00|0.00|0.00|0.00|0.00|0.00|0.00|0.00|0.00|0.00|1.00|0.00|
BOBINA1µH|6.00|3.00|2.00|0.00|0.00|0.00|0.00|0.00|0.00|0.00|0.00|0.00|2.00|0.00|0.00|
BOCINA1.5W|0.00|0.00|4.00|0.00|0.00|0.00|0.00|0.00|0.00|0.00|0.00|0.00|3.00|1.00|0.00|
BOCINA1/4W|153.00|10.00|6.00|0.00|0.00|0.00|0.00|0.00|0.00|0.00|0.00|1.00|2.00|3.00|0.00|
BOCINA2W|0.00|1.00|1.00|0.00|0.00|0.00|0.00|0.00|0.00|0.00|1.00|0.00|0.00|0.00|0.00|
BOCINA3W|7.00|2.00|2.00|0.00|0.00|0.00|0.00|0.00|0.00|0.00|0.00|0.00|2.00|0.00|0.00|
BOCINA5W|0.00|0.00|1.00|0.00|0.00|0.00|0.00|0.00|0.00|0.00|0.00|0.00|0.00|1.00|0.00|
BOMBADEAGUA|112.00|1.00|7.00|0.00|0.00|0.00|0.00|0.00|0.00|0.00|0.00|1.00|5.00|1.00|0.00|
BOMBADEAIRE|76.00|3.00|1.00|0.00|0.00|0.00|0.00|0.00|0.00|0.00|0.00|0.00|1.00|0.00|0.00|
BORNECHI-NEGRO|353.00|53.00|147.00|0.00|0.00|0.00|0.00|0.00|0.00|0.00|21.00|94.00|14.00|18.00|0.00|
BORNECHI-ROJO|269.00|24.00|130.00|0.00|0.00|0.00|0.00|0.00|0.00|0.00|28.00|71.00|13.00|18.00|0.00|
BORNEMED-NEGRO|243.00|0.00|99.00|0.00|0.00|0.00|0.00|0.00|0.00|0.00|62.00|29.00|5.00|2.00|1.00|
BORNEMED-ROJO|301.00|0.00|51.00|0.00|0.00|0.00|0.00|0.00|0.00|0.00|9.00|32.00|8.00|1.00|1.00|
BRACKETS-PAR|12.00|2.00|12.00|0.00|0.00|0.00|0.00|0.00|0.00|0.00|5.00|1.00|2.00|4.00|0.00|
BRAZOROBOT|0.00|0.00|8.00|0.00|0.00|0.00|0.00|0.00|0.00|0.00|0.00|0.00|2.00|6.00|0.00|
BROCA1/16|110.00|0.00|3.00|0.00|0.00|0.00|0.00|0.00|0.00|0.00|1.00|0.00|0.00|2.00|0.00|
BROCA1/32|33.00|0.00|17.00|0.00|0.00|0.00|0.00|0.00|0.00|0.00|5.00|6.00|0.00|6.00|0.00|
BROCA3/64|66.00|0.00|8.00|0.00|0.00|0.00|0.00|0.00|0.00|0.00|0.00|4.00|0.00|4.00|0.00|
BROCHEPILA|669.00|44.00|436.00|0.00|0.00|0.00|0.00|0.00|0.00|0.00|46.00|263.00|48.00|65.00|14.00|
BT136|64.00|21.00|4.00|0.00|0.00|0.00|0.00|0.00|0.00|0.00|0.00|0.00|2.00|2.00|0.00|
BT137|15.00|9.00|16.00|0.00|0.00|0.00|0.00|0.00|0.00|0.00|0.00|7.00|1.00|6.00|2.00|
BT151|46.00|11.00|12.00|0.00|0.00|0.00|0.00|0.00|0.00|0.00|0.00|0.00|1.00|11.00|0.00|
BTA06-400V|0.00|2.00|7.00|0.00|0.00|0.00|0.00|0.00|0.00|0.00|0.00|0.00|2.00|5.00|0.00|
BTA08|32.00|2.00|14.00|0.00|0.00|0.00|0.00|0.00|0.00|0.00|0.00|1.00|0.00|8.00|5.00|
BTA24|9.00|1.00|3.00|0.00|0.00|0.00|0.00|0.00|0.00|0.00|0.00|1.00|0.00|2.00|0.00|
BTB08|0.00|1.00|3.00|0.00|0.00|0.00|0.00|0.00|0.00|0.00|0.00|0.00|0.00|3.00|0.00|
C106D|482.00|40.00|106.00|0.00|0.00|0.00|0.00|0.00|0.00|0.00|0.00|6.00|81.00|19.00|0.00|
CABLE22AZUL|0.00|0.00|20.00|0.00|0.00|0.00|0.00|0.00|0.00|0.00|3.00|17.00|0.00|0.00|0.00|
CABLE22N|311.50|22.00|86.00|0.00|0.00|0.00|0.00|0.00|0.00|0.00|1.00|20.00|10.00|23.00|32.00|
CABLE22R|358.00|16.00|21.00|0.00|0.00|0.00|0.00|0.00|0.00|0.00|0.00|8.50|9.00|0.50|3.00|
CABLEAWG12NEGRO|183.20|0.00|1.20|0.00|0.00|0.00|0.00|0.00|0.00|0.00|0.00|0.00|1.20|0.00|0.00|
CABLEAWG14BLANCO|66.50|14.50|42.00|0.00|0.00|0.00|0.00|0.00|0.00|0.00|1.00|28.00|1.00|0.00|12.00|
CABLEAWG14NEGRO|65.00|23.00|65.40|0.00|0.00|0.00|0.00|0.00|0.00|0.00|14.00|3.00|26.90|21.50|0.00|
CABLEAWG14ROJO|165.50|23.00|32.50|0.00|0.00|0.00|0.00|0.00|0.00|0.00|0.00|5.00|7.50|13.00|7.00|
CABLEAWG16AMA|49.50|20.00|65.50|0.00|0.00|0.00|0.00|0.00|0.00|0.00|30.00|7.00|2.00|23.50|3.00|
CABLEAWG16AZUL|0.00|0.00|21.50|0.00|0.00|0.00|0.00|0.00|0.00|0.00|0.00|1.00|11.00|9.50|0.00|
CABLEAWG16ROJO|0.00|3.50|63.00|0.00|0.00|0.00|0.00|0.00|0.00|0.00|39.00|24.00|0.00|0.00|0.00|
CABLEAWG18VERDE|20.00|0.00|22.00|0.00|0.00|0.00|0.00|0.00|0.00|0.00|1.00|8.00|7.00|6.00|0.00|
CABLEDUPLEX18|28.00|0.00|4.50|0.00|0.00|0.00|0.00|0.00|0.00|0.00|0.00|2.50|0.00|2.00|0.00|
CABLEPOT18|187.50|43.00|27.00|0.00|0.00|0.00|0.00|0.00|0.00|0.00|3.00|10.00|7.00|7.00|0.00|
CABLEUSB-ARDUINO|(null)|0.00|3.00|0.00|0.00|0.00|0.00|0.00|0.00|0.00|0.00|0.00|0.00|2.00|1.00|
CABLEUSB-MICROUSB|12.00|4.00|4.00|0.00|0.00|0.00|0.00|0.00|0.00|0.00|0.00|0.00|0.00|4.00|0.00|
CABLEUSB-MINI|31.00|0.00|4.00|0.00|0.00|0.00|0.00|0.00|0.00|0.00|0.00|1.00|3.00|0.00|0.00|
CABLEUSBPLUG/A-B|15.00|0.00|2.00|0.00|0.00|0.00|0.00|0.00|0.00|0.00|0.00|1.00|0.00|1.00|0.00|
CABLEUTP|1165.00|260.00|134.00|0.00|0.00|0.00|0.00|0.00|0.00|0.00|17.00|13.00|56.00|46.00|2.00|
CAIMANEGRO|77.00|3.00|6.00|0.00|0.00|0.00|0.00|0.00|0.00|0.00|0.00|1.00|2.00|1.00|2.00|
CAIMANGDENE|420.00|0.00|32.00|0.00|0.00|0.00|0.00|0.00|0.00|0.00|3.00|9.00|12.00|7.00|1.00|
CAIMANGDERO|347.00|0.00|32.00|0.00|0.00|0.00|0.00|0.00|0.00|0.00|3.00|8.00|12.00|8.00|1.00|
CAIMAROJO|25.00|7.00|6.00|0.00|0.00|0.00|0.00|0.00|0.00|0.00|0.00|1.00|2.00|1.00|2.00|
CAJADEARDUINO-MEGA|2.00|4.00|1.00|0.00|0.00|0.00|0.00|0.00|0.00|0.00|0.00|0.00|0.00|0.00|1.00|
CAJADEARDUINO-UNO|0.00|0.00|4.00|0.00|0.00|0.00|0.00|0.00|0.00|0.00|2.00|1.00|0.00|1.00|0.00|
CAJAPRETUL13|17.00|1.00|11.00|0.00|0.00|0.00|0.00|0.00|0.00|0.00|9.00|2.00|0.00|0.00|0.00|
CAJAPRETUL14-ROSA|4.00|2.00|1.00|0.00|0.00|0.00|0.00|0.00|0.00|0.00|0.00|0.00|0.00|1.00|0.00|
CAJATRUPER14|8.00|1.00|2.00|0.00|0.00|0.00|0.00|0.00|0.00|0.00|2.00|0.00|0.00|0.00|0.00|
CAJATRUPER16-PESCA|2.00|0.00|2.00|0.00|0.00|0.00|0.00|0.00|0.00|0.00|0.00|0.00|1.00|1.00|0.00|
CALEFACTOR127V|0.00|0.00|1.00|0.00|0.00|0.00|0.00|0.00|0.00|0.00|0.00|1.00|0.00|0.00|0.00|
CANDADO30MM|0.00|0.00|1.00|0.00|0.00|0.00|0.00|0.00|0.00|0.00|0.00|0.00|1.00|0.00|0.00|
CARGADORDEPILAS|1.00|2.00|12.00|0.00|0.00|0.00|0.00|0.00|0.00|0.00|11.00|0.00|1.00|0.00|0.00|
CAUTIN-40W|32.00|1.00|2.00|0.00|0.00|0.00|0.00|0.00|0.00|0.00|0.00|0.00|1.00|1.00|0.00|
CAUTIN-AM|8.00|4.00|29.00|0.00|0.00|0.00|0.00|0.00|0.00|0.00|5.00|9.00|2.00|12.00|1.00|
CAUTIN-AZ|31.00|0.00|6.00|0.00|0.00|0.00|0.00|0.00|0.00|0.00|2.00|1.00|1.00|1.00|1.00|
CAUTINDEESTACION|0.00|0.00|1.00|0.00|0.00|0.00|0.00|0.00|0.00|0.00|0.00|1.00|0.00|0.00|0.00|
CBRUSHLESS|9.00|1.00|3.00|0.00|0.00|0.00|0.00|0.00|0.00|0.00|0.00|0.00|0.00|3.00|0.00|
CC0.001µf|132.00|0.00|10.00|0.00|0.00|0.00|0.00|0.00|0.00|0.00|5.00|2.00|2.00|1.00|0.00|
CC0.0022µf|92.00|7.00|28.00|0.00|0.00|0.00|0.00|0.00|0.00|0.00|1.00|0.00|10.00|17.00|0.00|
CC0.0033µf|46.00|21.00|1.00|0.00|0.00|0.00|0.00|0.00|0.00|0.00|0.00|1.00|0.00|0.00|0.00|
CC0.0047µf|680.00|7.00|5.00|0.00|0.00|0.00|0.00|0.00|0.00|0.00|0.00|0.00|0.00|5.00|0.00|
CC0.01µf|5041.00|42.00|94.00|0.00|0.00|0.00|0.00|0.00|0.00|0.00|0.00|13.00|52.00|29.00|0.00|
CC0.022µf|556.00|17.00|2.00|0.00|0.00|0.00|0.00|0.00|0.00|0.00|0.00|0.00|1.00|1.00|0.00|
CC0.033µf|0.00|9.00|4.00|0.00|0.00|0.00|0.00|0.00|0.00|0.00|0.00|1.00|1.00|2.00|0.00|
CC0.047µf|418.00|90.00|13.00|0.00|0.00|0.00|0.00|0.00|0.00|0.00|0.00|0.00|3.00|10.00|0.00|
CC0.15µf|17.00|15.00|2.00|0.00|0.00|0.00|0.00|0.00|0.00|0.00|0.00|0.00|1.00|1.00|0.00|
CC0.1µf|6954.00|52.00|478.00|0.00|0.00|0.00|0.00|0.00|0.00|0.00|36.00|251.00|105.00|78.00|8.00|
CC0.22µf|293.00|86.00|4.00|0.00|0.00|0.00|0.00|0.00|0.00|0.00|1.00|0.00|1.00|2.00|0.00|
CC100pf|37.00|1.00|7.00|0.00|0.00|0.00|0.00|0.00|0.00|0.00|2.00|2.00|2.00|1.00|0.00|
CC10pf|219.00|1.00|10.00|0.00|0.00|0.00|0.00|0.00|0.00|0.00|0.00|0.00|3.00|0.00|7.00|
CC150pf|278.00|31.00|5.00|0.00|0.00|0.00|0.00|0.00|0.00|0.00|0.00|2.00|2.00|1.00|0.00|
CC15pf|623.00|9.00|4.00|0.00|0.00|0.00|0.00|0.00|0.00|0.00|2.00|0.00|2.00|0.00|0.00|
CC220pf|208.00|113.00|59.00|0.00|0.00|0.00|0.00|0.00|0.00|0.00|10.00|30.00|0.00|19.00|0.00|
CC22pf|1521.00|74.00|116.00|0.00|0.00|0.00|0.00|0.00|0.00|0.00|36.00|25.00|24.00|27.00|4.00|
CC27pf|58.00|6.00|4.00|0.00|0.00|0.00|0.00|0.00|0.00|0.00|0.00|0.00|0.00|4.00|0.00|
CC33pf|283.00|9.00|11.00|0.00|0.00|0.00|0.00|0.00|0.00|0.00|2.00|2.00|2.00|5.00|0.00|
CC47pf|43.00|11.00|2.00|0.00|0.00|0.00|0.00|0.00|0.00|0.00|0.00|0.00|0.00|2.00|0.00|
CC560pf|498.00|20.00|3.00|0.00|0.00|0.00|0.00|0.00|0.00|0.00|0.00|2.00|1.00|0.00|0.00|
CC820pf|353.00|35.00|2.00|0.00|0.00|0.00|0.00|0.00|0.00|0.00|0.00|0.00|0.00|2.00|0.00|
CC82pf|74.00|21.00|1.00|0.00|0.00|0.00|0.00|0.00|0.00|0.00|0.00|0.00|1.00|0.00|0.00|
CE0.1µf/50V|84.00|21.00|14.00|0.00|0.00|0.00|0.00|0.00|0.00|0.00|2.00|4.00|3.00|5.00|0.00|
CE0.33µf/100V|0.00|1.00|1.00|0.00|0.00|0.00|0.00|0.00|0.00|0.00|0.00|1.00|0.00|0.00|0.00|
CE0.33µf/50V|0.00|0.00|8.00|0.00|0.00|0.00|0.00|0.00|0.00|0.00|4.00|3.00|0.00|1.00|0.00|
CE0.47µf/50V|110.00|8.00|1.00|0.00|0.00|0.00|0.00|0.00|0.00|0.00|0.00|0.00|0.00|1.00|0.00|
CE1000µf/25V|116.00|33.00|176.00|0.00|0.00|0.00|0.00|0.00|0.00|0.00|19.00|103.00|35.00|10.00|9.00|
CE1000µf/50V|262.00|22.00|32.00|0.00|0.00|0.00|0.00|0.00|0.00|0.00|15.00|6.00|7.00|2.00|2.00|
CE100µf/250V|50.00|2.00|6.00|0.00|0.00|0.00|0.00|0.00|0.00|0.00|0.00|0.00|6.00|0.00|0.00|
CE100µf/25V|109.00|44.00|424.00|0.00|0.00|0.00|0.00|0.00|0.00|0.00|5.00|339.00|47.00|29.00|4.00|
CE100µf/50V|222.00|32.00|140.00|0.00|0.00|0.00|0.00|0.00|0.00|0.00|67.00|34.00|17.00|21.00|1.00|
CE10µf/25V|377.00|53.00|226.00|0.00|0.00|0.00|0.00|0.00|0.00|0.00|28.00|126.00|60.00|12.00|0.00|
CE10µf/50V|197.00|14.00|105.00|0.00|0.00|0.00|0.00|0.00|0.00|0.00|10.00|23.00|29.00|39.00|4.00|
CE1200µf/25V|0.00|0.00|1.00|0.00|0.00|0.00|0.00|0.00|0.00|0.00|1.00|0.00|0.00|0.00|0.00|
CE1500µf/35V|0.00|5.00|1.00|0.00|0.00|0.00|0.00|0.00|0.00|0.00|0.00|0.00|1.00|0.00|0.00|
CE1500µf/50V|150.00|7.00|1.00|0.00|0.00|0.00|0.00|0.00|0.00|0.00|0.00|0.00|0.00|1.00|0.00|
CE150µf/35V|13.00|0.00|5.00|0.00|0.00|0.00|0.00|0.00|0.00|0.00|0.00|4.00|0.00|1.00|0.00|
CE15µf/50V|8.00|10.00|9.00|0.00|0.00|0.00|0.00|0.00|0.00|0.00|0.00|3.00|1.00|5.00|0.00|
CE1µf/50V|1895.00|56.00|63.00|0.00|0.00|0.00|0.00|0.00|0.00|0.00|9.00|7.00|22.00|23.00|2.00|
CE2.2µf/50V|179.00|45.00|2.00|0.00|0.00|0.00|0.00|0.00|0.00|0.00|2.00|0.00|0.00|0.00|0.00|
CE2200µf/25V|200.00|36.00|23.00|0.00|0.00|0.00|0.00|0.00|0.00|0.00|6.00|4.00|6.00|6.00|1.00|
CE2200µf/50V|90.00|37.00|99.00|0.00|0.00|0.00|0.00|0.00|0.00|0.00|25.00|43.00|5.00|24.00|2.00|
CE220µf/250V|2.00|1.00|1.00|0.00|0.00|0.00|0.00|0.00|0.00|0.00|0.00|0.00|0.00|1.00|0.00|
CE220µf/25V|43.00|20.00|11.00|0.00|0.00|0.00|0.00|0.00|0.00|0.00|1.00|2.00|2.00|6.00|0.00|
CE220µf/50V|236.00|9.00|16.00|0.00|0.00|0.00|0.00|0.00|0.00|0.00|2.00|5.00|6.00|2.00|1.00|
CE22µf/25V|133.00|29.00|54.00|0.00|0.00|0.00|0.00|0.00|0.00|0.00|0.00|15.00|28.00|11.00|0.00|
CE22µf/50V|662.00|34.00|14.00|0.00|0.00|0.00|0.00|0.00|0.00|0.00|0.00|4.00|6.00|2.00|2.00|
CE3.3µf/50V|50.00|2.00|6.00|0.00|0.00|0.00|0.00|0.00|0.00|0.00|0.00|3.00|0.00|3.00|0.00|
CE3300µf/25V|98.00|0.00|2.00|0.00|0.00|0.00|0.00|0.00|0.00|0.00|2.00|0.00|0.00|0.00|0.00|
CE3300µf/63V|9.00|9.00|5.00|0.00|0.00|0.00|0.00|0.00|0.00|0.00|0.00|0.00|5.00|0.00|0.00|
CE330µf/25V|120.00|23.00|6.00|0.00|0.00|0.00|0.00|0.00|0.00|0.00|0.00|3.00|2.00|1.00|0.00|
CE33µf/25V|109.00|19.00|10.00|0.00|0.00|0.00|0.00|0.00|0.00|0.00|0.00|0.00|10.00|0.00|0.00|
CE33µf/50V|76.00|8.00|16.00|0.00|0.00|0.00|0.00|0.00|0.00|0.00|1.00|13.00|0.00|0.00|2.00|
CE390µf/50V|0.00|5.00|2.00|0.00|0.00|0.00|0.00|0.00|0.00|0.00|0.00|2.00|0.00|0.00|0.00|
CE4.7µf/50V|200.00|11.00|16.00|0.00|0.00|0.00|0.00|0.00|0.00|0.00|1.00|6.00|2.00|7.00|0.00|
CE4700µf/25V|64.00|3.00|9.00|0.00|0.00|0.00|0.00|0.00|0.00|0.00|0.00|2.00|5.00|1.00|1.00|
CE4700µf/50V|29.00|8.00|3.00|0.00|0.00|0.00|0.00|0.00|0.00|0.00|0.00|1.00|1.00|1.00|0.00|
CE470µf/25V|80.00|17.00|43.00|0.00|0.00|0.00|0.00|0.00|0.00|0.00|10.00|4.00|21.00|8.00|0.00|
CE470µf/50V|198.00|2.00|38.00|0.00|0.00|0.00|0.00|0.00|0.00|0.00|2.00|9.00|8.00|18.00|1.00|
CE47µf/25V|79.00|30.00|47.00|0.00|0.00|0.00|0.00|0.00|0.00|0.00|0.00|0.00|24.00|23.00|0.00|
CE47µf/50V|32.00|24.00|50.00|0.00|0.00|0.00|0.00|0.00|0.00|0.00|2.00|19.00|21.00|8.00|0.00|
CE560µf/35V|0.00|19.00|2.00|0.00|0.00|0.00|0.00|0.00|0.00|0.00|0.00|2.00|0.00|0.00|0.00|
CE6.8µf/50V|26.00|10.00|5.00|0.00|0.00|0.00|0.00|0.00|0.00|0.00|0.00|3.00|0.00|2.00|0.00|
CE68µf/25V|3.00|0.00|1.00|0.00|0.00|0.00|0.00|0.00|0.00|0.00|0.00|0.00|1.00|0.00|0.00|
CE820µf/25V|0.00|0.00|2.00|0.00|0.00|0.00|0.00|0.00|0.00|0.00|0.00|0.00|0.00|2.00|0.00|
CELDA12V100MA|7.00|3.00|2.00|0.00|0.00|0.00|0.00|0.00|0.00|0.00|0.00|0.00|0.00|2.00|0.00|
CELDA5V100MA|26.00|3.00|18.00|0.00|0.00|0.00|0.00|0.00|0.00|0.00|1.00|1.00|1.00|15.00|0.00|
CHASIGLINEAS|0.00|0.00|3.00|0.00|0.00|0.00|0.00|0.00|0.00|0.00|1.00|0.00|1.00|1.00|0.00|
CHASISNEGROCHI|0.00|0.00|5.00|0.00|0.00|0.00|0.00|0.00|0.00|0.00|0.00|2.00|0.00|3.00|0.00|
CHASISNEGROGDE|12.00|1.00|31.00|0.00|0.00|0.00|0.00|0.00|0.00|0.00|0.00|13.00|11.00|7.00|0.00|
CHASISNEGROMED|39.00|0.00|7.00|0.00|0.00|0.00|0.00|0.00|0.00|0.00|0.00|2.00|4.00|1.00|0.00|
CINTADEAISLAR-A|1.00|0.00|3.00|0.00|0.00|0.00|0.00|0.00|0.00|0.00|0.00|0.00|1.00|2.00|0.00|
CINTADEAISLAR-AZUL|0.00|0.00|4.00|0.00|0.00|0.00|0.00|0.00|0.00|0.00|0.00|1.00|3.00|0.00|0.00|
CINTADEAISLAR-B|3.00|0.00|5.00|0.00|0.00|0.00|0.00|0.00|0.00|0.00|1.00|1.00|3.00|0.00|0.00|
CINTADEAISLAR-N|51.00|6.00|54.00|0.00|0.00|0.00|0.00|0.00|0.00|0.00|11.00|10.00|17.00|11.00|5.00|
CINTADEAISLAR-R|0.00|0.00|11.00|0.00|0.00|0.00|0.00|0.00|0.00|0.00|8.00|0.00|1.00|2.00|0.00|
CINTADEAISLAR-V|0.00|0.00|2.00|0.00|0.00|0.00|0.00|0.00|0.00|0.00|0.00|0.00|0.00|2.00|0.00|
CINTADOBLECARA1.5M|8.00|4.00|8.00|0.00|0.00|0.00|0.00|0.00|0.00|0.00|5.00|1.00|0.00|2.00|0.00|
CIRCUITOIMPRESO10X10|48.00|0.00|4.00|0.00|0.00|0.00|0.00|0.00|0.00|0.00|0.00|2.00|1.00|1.00|0.00|
CIRCUITOIMPRESO10X15|97.00|0.00|1.00|0.00|0.00|0.00|0.00|0.00|0.00|0.00|0.00|0.00|0.00|1.00|0.00|
CIRCUITOIMPRESO5X10|100.00|0.00|4.00|0.00|0.00|0.00|0.00|0.00|0.00|0.00|0.00|1.00|2.00|1.00|0.00|
CIRCUITOIMPRESO5X5|99991.00|0.00|2.00|0.00|0.00|0.00|0.00|0.00|0.00|0.00|0.00|0.00|0.00|2.00|0.00|
CLAVIJA|5.00|0.00|91.00|0.00|0.00|0.00|0.00|0.00|0.00|0.00|41.00|14.00|27.00|9.00|0.00|
CLAVIJABLA|340.00|12.00|6.00|0.00|0.00|0.00|0.00|0.00|0.00|0.00|0.00|1.00|5.00|0.00|0.00|
CLAVIJAGRAB|0.00|0.00|1.00|0.00|0.00|0.00|0.00|0.00|0.00|0.00|1.00|0.00|0.00|0.00|0.00|
CLAVIJATIERRA|39.00|9.00|12.00|0.00|0.00|0.00|0.00|0.00|0.00|0.00|9.00|2.00|1.00|0.00|0.00|
CLAVIJAUSORUDO|2.00|1.00|5.00|0.00|0.00|0.00|0.00|0.00|0.00|0.00|0.00|4.00|1.00|0.00|0.00|
CLORURO250|29.00|10.00|23.00|0.00|0.00|0.00|0.00|0.00|0.00|0.00|7.00|7.00|2.00|7.00|0.00|
CM0.33µf/50V|62.00|17.00|8.00|0.00|0.00|0.00|0.00|0.00|0.00|0.00|2.00|0.00|3.00|3.00|0.00|
CM0.47µf/50V|73.00|8.00|6.00|0.00|0.00|0.00|0.00|0.00|0.00|0.00|0.00|2.00|0.00|4.00|0.00|
CM0.56µf/50V|40.00|11.00|1.00|0.00|0.00|0.00|0.00|0.00|0.00|0.00|0.00|1.00|0.00|0.00|0.00|
CM1µf/50V|9.00|7.00|23.00|0.00|0.00|0.00|0.00|0.00|0.00|0.00|0.00|8.00|3.00|12.00|0.00|
CNY70|8.00|9.00|84.00|0.00|0.00|0.00|0.00|0.00|0.00|0.00|4.00|53.00|9.00|18.00|0.00|
CON2TORNILLOS|1974.00|55.00|146.00|0.00|0.00|0.00|0.00|0.00|0.00|0.00|24.00|36.00|9.00|65.00|12.00|
CON3TORNILLOS|496.00|26.00|19.00|0.00|0.00|0.00|0.00|0.00|0.00|0.00|2.00|2.00|2.00|12.00|1.00|
CONBNC-RG59|152.00|39.00|1.00|0.00|0.00|0.00|0.00|0.00|0.00|0.00|0.00|1.00|0.00|0.00|0.00|
CONDB-25CPLANO|3.00|1.00|1.00|0.00|0.00|0.00|0.00|0.00|0.00|0.00|0.00|0.00|0.50|0.50|0.00|
CONDB-9H|85.00|0.00|1.00|0.00|0.00|0.00|0.00|0.00|0.00|0.00|0.00|1.00|0.00|0.00|0.00|
CONDIP10P|0.00|1.00|5.00|0.00|0.00|0.00|0.00|0.00|0.00|0.00|1.00|0.00|0.00|4.00|0.00|
CONRJ-11|149.00|121.00|2.00|0.00|0.00|0.00|0.00|0.00|0.00|0.00|0.00|0.00|0.00|2.00|0.00|
CONRJ-45|2030.00|212.00|164.00|0.00|0.00|0.00|0.00|0.00|0.00|0.00|4.00|18.00|59.00|83.00|0.00|
CONTACTO|72.00|0.00|6.00|0.00|0.00|0.00|0.00|0.00|0.00|0.00|0.00|3.00|0.00|3.00|0.00|
CP0.001µf|188.00|21.00|2.00|0.00|0.00|0.00|0.00|0.00|0.00|0.00|0.00|0.00|2.00|0.00|0.00|
CP0.0033µf|42.00|33.00|2.00|0.00|0.00|0.00|0.00|0.00|0.00|0.00|0.00|0.00|2.00|0.00|0.00|
CP0.01uf/630V|3.00|47.00|1.00|0.00|0.00|0.00|0.00|0.00|0.00|0.00|0.00|0.00|0.00|1.00|0.00|
CP0.01µf/400V|86.00|0.00|9.00|0.00|0.00|0.00|0.00|0.00|0.00|0.00|0.00|0.00|2.00|7.00|0.00|
CP0.022µf |(null)|1.00|1.00|0.00|0.00|0.00|0.00|0.00|0.00|0.00|0.00|0.00|0.00|1.00|0.00|
CP0.022µf/100V|7.00|0.00|2.00|0.00|0.00|0.00|0.00|0.00|0.00|0.00|0.00|0.00|2.00|0.00|0.00|
CP0.1µf/100V|263.00|15.00|32.00|0.00|0.00|0.00|0.00|0.00|0.00|0.00|0.00|1.00|16.00|13.00|2.00|
CP0.1µf/630V|0.00|0.00|7.00|0.00|0.00|0.00|0.00|0.00|0.00|0.00|0.00|0.00|1.00|6.00|0.00|
CP0.22µf/250V|9.00|23.00|7.00|0.00|0.00|0.00|0.00|0.00|0.00|0.00|0.00|0.00|0.00|7.00|0.00|
CP0.22µf/400V|2.00|3.00|2.00|0.00|0.00|0.00|0.00|0.00|0.00|0.00|0.00|0.00|0.00|2.00|0.00|
CP0.22µf/50V|0.00|2.00|1.00|0.00|0.00|0.00|0.00|0.00|0.00|0.00|0.00|0.00|0.00|1.00|0.00|
CP0.22µf/630V|0.00|13.00|1.00|0.00|0.00|0.00|0.00|0.00|0.00|0.00|0.00|0.00|0.00|1.00|0.00|
CP0.47µf/100V|34.00|0.00|6.00|0.00|0.00|0.00|0.00|0.00|0.00|0.00|0.00|1.00|0.00|5.00|0.00|
CP0.47µf/250V|0.00|0.00|3.00|0.00|0.00|0.00|0.00|0.00|0.00|0.00|0.00|0.00|0.00|2.00|1.00|
CP0.47µf/630V|0.00|4.00|1.00|0.00|0.00|0.00|0.00|0.00|0.00|0.00|0.00|0.00|0.00|0.00|1.00|
CP0.68µf/100V|0.00|0.00|1.00|0.00|0.00|0.00|0.00|0.00|0.00|0.00|0.00|0.00|0.00|1.00|0.00|
CP2.2µf/100V|0.00|0.00|3.00|0.00|0.00|0.00|0.00|0.00|0.00|0.00|0.00|0.00|3.00|0.00|0.00|
CP2.2µf/250V|73.00|26.00|2.00|0.00|0.00|0.00|0.00|0.00|0.00|0.00|0.00|0.00|1.00|1.00|0.00|
CRIS10MZ|0.00|1.00|19.00|0.00|0.00|0.00|0.00|0.00|0.00|0.00|4.00|5.00|1.00|9.00|0.00|
CRIS11.059MHZ|2.00|2.00|1.00|0.00|0.00|0.00|0.00|0.00|0.00|0.00|1.00|0.00|0.00|0.00|0.00|
CRIS16MHZ|14.00|10.00|3.00|0.00|0.00|0.00|0.00|0.00|0.00|0.00|1.00|2.00|0.00|0.00|0.00|
CRIS20MHZ|123.00|6.00|4.00|0.00|0.00|0.00|0.00|0.00|0.00|0.00|0.00|1.00|0.00|2.00|1.00|
CRIS32.768KHZ|34.00|2.00|1.00|0.00|0.00|0.00|0.00|0.00|0.00|0.00|0.00|1.00|0.00|0.00|0.00|
CRIS48MHZ|0.00|12.00|2.00|0.00|0.00|0.00|0.00|0.00|0.00|0.00|0.00|0.00|1.00|1.00|0.00|
CRIS4MHZ|100.00|8.00|54.00|0.00|0.00|0.00|0.00|0.00|0.00|0.00|13.00|14.00|11.00|14.00|2.00|
CRIS8MHZ|11.00|16.00|1.00|0.00|0.00|0.00|0.00|0.00|0.00|0.00|0.00|0.00|0.00|1.00|0.00|
CT0.1µf|16.00|9.00|6.00|0.00|0.00|0.00|0.00|0.00|0.00|0.00|6.00|0.00|0.00|0.00|0.00|
CT10µf|10.00|2.00|1.00|0.00|0.00|0.00|0.00|0.00|0.00|0.00|1.00|0.00|0.00|0.00|0.00|
CT1µf/50V|0.00|8.00|6.00|0.00|0.00|0.00|0.00|0.00|0.00|0.00|6.00|0.00|0.00|0.00|0.00|
CUBIERTARJ-45|241.00|45.00|8.00|0.00|0.00|0.00|0.00|0.00|0.00|0.00|0.00|4.00|0.00|4.00|0.00|
CUTER-PRE5P|0.00|3.00|1.00|0.00|0.00|0.00|0.00|0.00|0.00|0.00|1.00|0.00|0.00|0.00|0.00|
CUTER-PRE5PB|8.00|0.00|3.00|0.00|0.00|0.00|0.00|0.00|0.00|0.00|0.00|1.00|1.00|1.00|0.00|
DB3|154.00|27.00|23.00|0.00|0.00|0.00|0.00|0.00|0.00|0.00|0.00|1.00|7.00|13.00|2.00|
DESCRUZ|7.00|2.00|7.00|0.00|0.00|0.00|0.00|0.00|0.00|0.00|7.00|0.00|0.00|0.00|0.00|
DESPLANO|5.00|2.00|7.00|0.00|0.00|0.00|0.00|0.00|0.00|0.00|7.00|0.00|0.00|0.00|0.00|
DIP10INTCI|34.00|20.00|15.00|0.00|0.00|0.00|0.00|0.00|0.00|0.00|5.00|7.00|3.00|0.00|0.00|
DIP2INTCI|555.00|0.00|2.00|0.00|0.00|0.00|0.00|0.00|0.00|0.00|0.00|2.00|0.00|0.00|0.00|
DIP4INTCI|1332.00|30.00|90.00|0.00|0.00|0.00|0.00|0.00|0.00|0.00|44.00|20.00|17.00|9.00|0.00|
DIP6INTCI|510.00|37.00|24.00|0.00|0.00|0.00|0.00|0.00|0.00|0.00|0.00|3.00|10.00|9.00|2.00|
DIP8INT|0.00|0.00|1.00|0.00|0.00|0.00|0.00|0.00|0.00|0.00|1.00|0.00|0.00|0.00|0.00|
DIP8INTCI|2668.00|32.00|264.00|0.00|0.00|0.00|0.00|0.00|0.00|0.00|89.00|33.00|96.00|33.00|13.00|
DISAC2|0.00|3.00|2.00|0.00|0.00|0.00|0.00|0.00|0.00|0.00|0.00|0.00|0.00|2.00|0.00|
DISACS|1065.00|60.00|115.00|0.00|0.00|0.00|0.00|0.00|0.00|0.00|22.00|26.00|30.00|29.00|8.00|
DISCC2|5.00|5.00|17.00|0.00|0.00|0.00|0.00|0.00|0.00|0.00|1.00|0.00|2.00|14.00|0.00|
DISCC3|2.00|1.00|4.00|0.00|0.00|0.00|0.00|0.00|0.00|0.00|0.00|0.00|3.00|1.00|0.00|
DISCC4|8.00|3.00|5.00|0.00|0.00|0.00|0.00|0.00|0.00|0.00|0.00|0.00|1.00|4.00|0.00|
DISCCS|828.00|55.00|184.00|0.00|0.00|0.00|0.00|0.00|0.00|0.00|12.00|26.00|69.00|77.00|0.00|
DISIPADOR-TO220|258.00|22.00|25.00|0.00|0.00|0.00|0.00|0.00|0.00|0.00|4.00|10.00|7.00|3.00|1.00|
DS1307|5.00|3.00|1.00|0.00|0.00|0.00|0.00|0.00|0.00|0.00|0.00|0.00|0.00|1.00|0.00|
DS18B20|42.00|5.00|1.00|0.00|0.00|0.00|0.00|0.00|0.00|0.00|0.00|0.00|0.00|1.00|0.00|
DZ10V|986.00|26.00|3.00|0.00|0.00|0.00|0.00|0.00|0.00|0.00|0.00|2.00|1.00|0.00|0.00|
DZ10V5W|20.00|17.00|1.00|0.00|0.00|0.00|0.00|0.00|0.00|0.00|0.00|1.00|0.00|0.00|0.00|
DZ12V|413.00|25.00|19.00|0.00|0.00|0.00|0.00|0.00|0.00|0.00|9.00|8.00|0.00|2.00|0.00|
DZ12V1W|24.00|15.00|18.00|0.00|0.00|0.00|0.00|0.00|0.00|0.00|12.00|6.00|0.00|0.00|0.00|
DZ15V|3.00|4.00|5.00|0.00|0.00|0.00|0.00|0.00|0.00|0.00|1.00|0.00|0.00|4.00|0.00|
DZ20V1W|0.00|0.00|7.00|0.00|0.00|0.00|0.00|0.00|0.00|0.00|0.00|7.00|0.00|0.00|0.00|
DZ22V|3.00|3.00|1.00|0.00|0.00|0.00|0.00|0.00|0.00|0.00|0.00|1.00|0.00|0.00|0.00|
DZ24V|0.00|2.00|1.00|0.00|0.00|0.00|0.00|0.00|0.00|0.00|0.00|1.00|0.00|0.00|0.00|
DZ27V|13.00|8.00|6.00|0.00|0.00|0.00|0.00|0.00|0.00|0.00|0.00|1.00|0.00|5.00|0.00|
DZ3.3V|76.00|4.00|2.00|0.00|0.00|0.00|0.00|0.00|0.00|0.00|0.00|2.00|0.00|0.00|0.00|
DZ30V|0.00|10.00|11.00|0.00|0.00|0.00|0.00|0.00|0.00|0.00|0.00|11.00|0.00|0.00|0.00|
DZ4.3V|10.00|11.00|2.00|0.00|0.00|0.00|0.00|0.00|0.00|0.00|0.00|0.00|2.00|0.00|0.00|
DZ4.7V|24.00|0.00|2.00|0.00|0.00|0.00|0.00|0.00|0.00|0.00|1.00|0.00|1.00|0.00|0.00|
DZ5.1V|52.00|29.00|45.00|0.00|0.00|0.00|0.00|0.00|0.00|0.00|14.00|20.00|9.00|2.00|0.00|
DZ5.1V1W|51.00|4.00|7.00|0.00|0.00|0.00|0.00|0.00|0.00|0.00|1.00|5.00|0.00|1.00|0.00|
DZ6.8V|2.00|20.00|2.00|0.00|0.00|0.00|0.00|0.00|0.00|0.00|0.00|0.00|1.00|1.00|0.00|
DZ6.8V1W|118.00|0.00|2.00|0.00|0.00|0.00|0.00|0.00|0.00|0.00|0.00|2.00|0.00|0.00|0.00|
DZ8.2V|848.00|8.00|1.00|0.00|0.00|0.00|0.00|0.00|0.00|0.00|0.00|0.00|1.00|0.00|0.00|
DZ9.1V|101.00|4.00|2.00|0.00|0.00|0.00|0.00|0.00|0.00|0.00|0.00|2.00|0.00|0.00|0.00|
ELIMINADOR12V|215.00|9.00|73.00|0.00|0.00|0.00|0.00|0.00|0.00|0.00|6.00|20.00|15.00|27.00|5.00|
ELIMINADOR5V2A|108.00|0.00|28.00|0.00|0.00|0.00|0.00|0.00|0.00|0.00|4.00|7.00|2.00|13.00|2.00|
ELIMINADOR9V-0.8A|1.00|15.00|3.00|0.00|0.00|0.00|0.00|0.00|0.00|0.00|1.00|0.00|2.00|0.00|0.00|
ENCODER|62.00|1.00|4.00|0.00|0.00|0.00|0.00|0.00|0.00|0.00|1.00|1.00|1.00|1.00|0.00|
ENGRANECHI|0.00|6.00|2.00|0.00|0.00|0.00|0.00|0.00|0.00|0.00|0.00|0.00|0.00|2.00|0.00|
ENGRANEGDE|0.00|12.00|18.00|0.00|0.00|0.00|0.00|0.00|0.00|0.00|4.00|0.00|10.00|4.00|0.00|
ENGRANEMDFCHI|61.00|9.00|53.00|0.00|0.00|0.00|0.00|0.00|0.00|0.00|0.00|0.00|17.00|36.00|0.00|
ENGRANEMDFGDE|79.00|0.00|31.00|0.00|0.00|0.00|0.00|0.00|0.00|0.00|0.00|0.00|0.00|31.00|0.00|
ENGRANEMDFMED|63.00|2.00|2.00|0.00|0.00|0.00|0.00|0.00|0.00|0.00|0.00|0.00|0.00|2.00|0.00|
ENGRANEMED|0.00|12.00|20.00|0.00|0.00|0.00|0.00|0.00|0.00|0.00|0.00|0.00|12.00|8.00|0.00|
ESPONJA|9.00|0.00|4.00|0.00|0.00|0.00|0.00|0.00|0.00|0.00|0.00|2.00|1.00|1.00|0.00|
EXSOLDADURACHI|4.00|1.00|13.00|0.00|0.00|0.00|0.00|0.00|0.00|0.00|2.00|4.00|2.00|5.00|0.00|
EXTENSIONPLUG3.5|(null)|3.00|1.00|0.00|0.00|0.00|0.00|0.00|0.00|0.00|1.00|0.00|0.00|0.00|0.00|
FA.300Amp|2.00|0.00|1.00|0.00|0.00|0.00|0.00|0.00|0.00|0.00|0.00|0.00|1.00|0.00|0.00|
FA10Amp|7.00|27.00|15.00|0.00|0.00|0.00|0.00|0.00|0.00|0.00|6.00|1.00|3.00|5.00|0.00|
FA1Amp|154.00|21.00|26.00|0.00|0.00|0.00|0.00|0.00|0.00|0.00|8.00|1.00|2.00|0.00|15.00|
FA2Amp|114.00|5.00|18.00|0.00|0.00|0.00|0.00|0.00|0.00|0.00|5.00|6.00|4.00|3.00|0.00|
FA8Amp|0.00|20.00|2.00|0.00|0.00|0.00|0.00|0.00|0.00|0.00|0.00|0.00|0.00|2.00|0.00|
FCERAMICO15A|8.00|0.00|1.00|0.00|0.00|0.00|0.00|0.00|0.00|0.00|0.00|0.00|1.00|0.00|0.00|
FCERAMICO20A|0.00|19.00|3.00|0.00|0.00|0.00|0.00|0.00|0.00|0.00|0.00|0.00|2.00|1.00|0.00|
FE.200Amp|476.00|26.00|2.00|0.00|0.00|0.00|0.00|0.00|0.00|0.00|0.00|0.00|2.00|0.00|0.00|
FE.300Amp|0.00|5.00|1.00|0.00|0.00|0.00|0.00|0.00|0.00|0.00|0.00|0.00|1.00|0.00|0.00|
FE1.5Amp|0.00|24.00|7.00|0.00|0.00|0.00|0.00|0.00|0.00|0.00|3.00|2.00|0.00|2.00|0.00|
FE10Amp|156.00|199.00|630.00|0.00|0.00|0.00|0.00|0.00|0.00|0.00|234.00|91.00|127.00|178.00|0.00|
FE15Amp|162.00|46.00|163.00|0.00|0.00|0.00|0.00|0.00|0.00|0.00|37.00|7.00|84.00|35.00|0.00|
FE1Amp|381.00|29.00|12.00|0.00|0.00|0.00|0.00|0.00|0.00|0.00|4.00|6.00|1.00|1.00|0.00|
FE2Amp|121.00|110.00|94.00|0.00|0.00|0.00|0.00|0.00|0.00|0.00|32.00|38.00|15.00|8.00|1.00|
FE3Amp|144.00|130.00|15.00|0.00|0.00|0.00|0.00|0.00|0.00|0.00|0.00|9.00|0.00|6.00|0.00|
FE4Amp|64.00|31.00|1.00|0.00|0.00|0.00|0.00|0.00|0.00|0.00|0.00|0.00|1.00|0.00|0.00|
FE5Amp|365.00|190.00|99.00|0.00|0.00|0.00|0.00|0.00|0.00|0.00|23.00|34.00|10.00|31.00|1.00|
FERRITA-02|21.00|3.00|1.00|0.00|0.00|0.00|0.00|0.00|0.00|0.00|0.00|0.00|0.00|1.00|0.00|
FLUX-50|1.00|2.00|4.00|0.00|0.00|0.00|0.00|0.00|0.00|0.00|1.00|1.00|1.00|1.00|0.00|
FOCO100W|1.00|3.00|33.00|0.00|0.00|0.00|0.00|0.00|0.00|0.00|0.00|6.00|15.00|12.00|0.00|
FOCO12V|123.00|20.00|39.00|0.00|0.00|0.00|0.00|0.00|0.00|0.00|7.00|15.00|9.00|8.00|0.00|
FOCO12V5W|31.00|139.00|3.00|0.00|0.00|0.00|0.00|0.00|0.00|0.00|1.00|0.00|1.00|0.00|1.00|
FOCO40W|3.00|0.00|53.00|0.00|0.00|0.00|0.00|0.00|0.00|0.00|1.00|25.00|16.00|11.00|0.00|
FOCO6.3V|96.00|24.00|38.00|0.00|0.00|0.00|0.00|0.00|0.00|0.00|18.00|13.00|2.00|5.00|0.00|
FOCO60W|3.00|0.00|68.00|0.00|0.00|0.00|0.00|0.00|0.00|0.00|35.00|12.00|9.00|12.00|0.00|
FOCO7.5W|198.00|105.00|36.00|0.00|0.00|0.00|0.00|0.00|0.00|0.00|1.00|3.00|24.00|8.00|0.00|
FOTODIODOAZUL|362.00|78.00|126.00|0.00|0.00|0.00|0.00|0.00|0.00|0.00|6.00|23.00|54.00|41.00|2.00|
FOTORES10M|34.00|0.00|4.00|0.00|0.00|0.00|0.00|0.00|0.00|0.00|0.00|0.00|2.00|2.00|0.00|
FOTORES2M|1031.00|57.00|429.00|0.00|0.00|0.00|0.00|0.00|0.00|0.00|33.00|321.00|35.00|36.00|4.00|
FOTOTRANSISTORBLA|0.00|61.00|6.00|0.00|0.00|0.00|0.00|0.00|0.00|0.00|0.00|0.00|1.00|5.00|0.00|
FOTOTRANSISTORNE|925.00|70.00|80.00|0.00|0.00|0.00|0.00|0.00|0.00|0.00|4.00|17.00|21.00|35.00|3.00|
FUENTEPROTO|18.00|2.00|18.00|0.00|0.00|0.00|0.00|0.00|0.00|0.00|13.00|0.00|3.00|2.00|0.00|
FUSIBLETERMICO-240|16.00|3.00|3.00|0.00|0.00|0.00|0.00|0.00|0.00|0.00|1.00|2.00|0.00|0.00|0.00|
GAL16V8|0.00|4.00|22.00|0.00|0.00|0.00|0.00|0.00|0.00|0.00|0.00|13.00|0.00|9.00|0.00|
GAL22V10-25LP|128.00|18.00|17.00|0.00|0.00|0.00|0.00|0.00|0.00|0.00|0.00|6.00|1.00|10.00|0.00|
GOGGLES|10.00|3.00|11.00|0.00|0.00|0.00|0.00|0.00|0.00|0.00|9.00|0.00|1.00|1.00|0.00|
GRABADOR-AVR|93.00|3.00|4.00|0.00|0.00|0.00|0.00|0.00|0.00|0.00|2.00|0.00|2.00|0.00|0.00|
GRABADOR-PICS|0.00|0.00|3.00|0.00|0.00|0.00|0.00|0.00|0.00|0.00|0.00|0.00|0.00|3.00|0.00|
GRASA|12.00|7.00|10.00|0.00|0.00|0.00|0.00|0.00|0.00|0.00|0.00|5.00|3.00|2.00|0.00|
GRUMER|135.00|0.00|10.00|0.00|0.00|0.00|0.00|0.00|0.00|0.00|0.00|2.00|6.00|2.00|0.00|
H11AA1|21.00|10.00|2.00|0.00|0.00|0.00|0.00|0.00|0.00|0.00|2.00|0.00|0.00|0.00|0.00|
HEADERARDUINO-10P|100.00|0.00|2.00|0.00|0.00|0.00|0.00|0.00|0.00|0.00|0.00|0.00|2.00|0.00|0.00|
HEADERESCSEN|128.00|23.00|1.00|0.00|0.00|0.00|0.00|0.00|0.00|0.00|0.00|0.00|0.00|1.00|0.00|
HEADERHEMBRA|0.00|15.00|30.00|0.00|0.00|0.00|0.00|0.00|0.00|0.00|6.00|3.00|11.00|8.00|2.00|
HEADERHEMDOBLE|110.00|10.00|3.00|0.00|0.00|0.00|0.00|0.00|0.00|0.00|0.00|1.00|2.00|0.00|0.00|
HEADERSEN|241.00|13.00|30.00|0.00|0.00|0.00|0.00|0.00|0.00|0.00|5.00|6.00|13.00|4.00|2.00|
HEADERTORNEADO-10P|0.00|0.00|3.00|0.00|0.00|0.00|0.00|0.00|0.00|0.00|0.00|3.00|0.00|0.00|0.00|
HEADERTORNEADO-40P|130.00|21.00|18.00|0.00|0.00|0.00|0.00|0.00|0.00|0.00|3.00|1.00|3.00|11.00|0.00|
HELICE|16.00|1.00|1.00|0.00|0.00|0.00|0.00|0.00|0.00|0.00|0.00|0.00|0.00|0.00|1.00|
HT12D|16.00|3.00|2.00|0.00|0.00|0.00|0.00|0.00|0.00|0.00|0.00|0.00|0.00|2.00|0.00|
HT12E|7.00|2.00|1.00|0.00|0.00|0.00|0.00|0.00|0.00|0.00|0.00|0.00|0.00|1.00|0.00|
IMANCIRCULARGDE|0.00|0.00|8.00|0.00|0.00|0.00|0.00|0.00|0.00|0.00|0.00|0.00|0.00|8.00|0.00|
IMANCIRCULARMED|57.00|9.00|12.00|0.00|0.00|0.00|0.00|0.00|0.00|0.00|8.00|4.00|0.00|0.00|0.00|
IMANNEOMED|96.00|0.00|8.00|0.00|0.00|0.00|0.00|0.00|0.00|0.00|0.00|0.00|0.00|8.00|0.00|
IMPRESIONLASER|(null)|0.00|3.00|0.00|0.00|0.00|0.00|0.00|0.00|0.00|0.00|0.00|0.00|3.00|0.00|
INTBALANCINCHI|4.00|13.00|38.00|0.00|0.00|0.00|0.00|0.00|0.00|0.00|1.00|12.00|12.00|11.00|2.00|
INTBALANCINGDE|10.00|0.00|1.00|0.00|0.00|0.00|0.00|0.00|0.00|0.00|0.00|0.00|0.00|1.00|0.00|
INTBALANCINMINI|131.00|12.00|1.00|0.00|0.00|0.00|0.00|0.00|0.00|0.00|0.00|0.00|1.00|0.00|0.00|
INTBALANCINMINIRO|30.00|0.00|7.00|0.00|0.00|0.00|0.00|0.00|0.00|0.00|0.00|0.00|5.00|2.00|0.00|
INTCHI|1814.00|164.00|37.00|0.00|0.00|0.00|0.00|0.00|0.00|0.00|7.00|10.00|6.00|11.00|3.00|
INTCOLADERATA2P|93.00|0.00|37.00|0.00|0.00|0.00|0.00|0.00|0.00|0.00|2.00|0.00|4.00|30.00|1.00|
INTCOLADERATA2P2T-2P|112.00|7.00|13.00|0.00|0.00|0.00|0.00|0.00|0.00|0.00|0.00|0.00|0.00|12.00|1.00|
INTCOLADERATA2P2T-3P|14.00|0.00|14.00|0.00|0.00|0.00|0.00|0.00|0.00|0.00|0.00|1.00|0.00|13.00|0.00|
INTCOLADERATA3P|125.00|12.00|14.00|0.00|0.00|0.00|0.00|0.00|0.00|0.00|9.00|1.00|0.00|4.00|0.00|
INTFOCONEON|0.00|0.00|4.00|0.00|0.00|0.00|0.00|0.00|0.00|0.00|0.00|1.00|1.00|2.00|0.00|
INTFOCONEONCHI|125.00|3.00|15.00|0.00|0.00|0.00|0.00|0.00|0.00|0.00|0.00|10.00|0.00|5.00|0.00|
INTPALANCA|52.00|5.00|37.00|0.00|0.00|0.00|0.00|0.00|0.00|0.00|6.00|0.00|13.00|14.00|4.00|
INTPALANCAGDE|5.00|9.00|4.00|0.00|0.00|0.00|0.00|0.00|0.00|0.00|3.00|0.00|0.00|1.00|0.00|
INTPALANCAMINI|19.00|0.00|24.00|0.00|0.00|0.00|0.00|0.00|0.00|0.00|6.00|4.00|9.00|5.00|0.00|
INTPROTO|1704.00|131.00|173.00|0.00|0.00|0.00|0.00|0.00|0.00|0.00|10.00|110.00|35.00|13.00|5.00|
IRF510|232.00|6.00|12.00|0.00|0.00|0.00|0.00|0.00|0.00|0.00|0.00|1.00|8.00|3.00|0.00|
IRF520|20.00|7.00|8.00|0.00|0.00|0.00|0.00|0.00|0.00|0.00|0.00|0.00|5.00|3.00|0.00|
IRF521|0.00|0.00|1.00|0.00|0.00|0.00|0.00|0.00|0.00|0.00|0.00|0.00|0.00|1.00|0.00|
IRF530|99.00|6.00|22.00|0.00|0.00|0.00|0.00|0.00|0.00|0.00|0.00|2.00|0.00|20.00|0.00|
IRF540|87.00|5.00|14.00|0.00|0.00|0.00|0.00|0.00|0.00|0.00|0.00|0.00|9.00|5.00|0.00|
IRF620|0.00|10.00|3.00|0.00|0.00|0.00|0.00|0.00|0.00|0.00|0.00|0.00|1.00|2.00|0.00|
IRF640|179.00|9.00|1.00|0.00|0.00|0.00|0.00|0.00|0.00|0.00|0.00|0.00|0.00|1.00|0.00|
IRF644|5.00|0.00|1.00|0.00|0.00|0.00|0.00|0.00|0.00|0.00|0.00|0.00|1.00|0.00|0.00|
IRF740|0.00|1.00|2.00|0.00|0.00|0.00|0.00|0.00|0.00|0.00|0.00|0.00|2.00|0.00|0.00|
IRF830|188.00|15.00|6.00|0.00|0.00|0.00|0.00|0.00|0.00|0.00|0.00|6.00|0.00|0.00|0.00|
IRF840|17.00|3.00|1.00|0.00|0.00|0.00|0.00|0.00|0.00|0.00|0.00|0.00|0.00|0.00|1.00|
IRF9530|80.00|16.00|17.00|0.00|0.00|0.00|0.00|0.00|0.00|0.00|0.00|0.00|0.00|17.00|0.00|
IRF9610|0.00|3.00|1.00|0.00|0.00|0.00|0.00|0.00|0.00|0.00|0.00|0.00|0.00|1.00|0.00|
IRF9620|1.00|0.00|3.00|0.00|0.00|0.00|0.00|0.00|0.00|0.00|0.00|0.00|1.00|2.00|0.00|
IRFZ24|28.00|2.00|1.00|0.00|0.00|0.00|0.00|0.00|0.00|0.00|0.00|0.00|0.00|1.00|0.00|
IRFZ44N|128.00|19.00|4.00|0.00|0.00|0.00|0.00|0.00|0.00|0.00|0.00|0.00|1.00|1.00|2.00|
JACK3.5MM-ESTEREO|48.00|0.00|6.00|0.00|0.00|0.00|0.00|0.00|0.00|0.00|0.00|0.00|4.00|2.00|0.00|
JACK3.5MM/CHASIS|47.00|4.00|5.00|0.00|0.00|0.00|0.00|0.00|0.00|0.00|0.00|3.00|1.00|1.00|0.00|
JACK6.3MM-ESTEREO|48.00|2.00|1.00|0.00|0.00|0.00|0.00|0.00|0.00|0.00|0.00|0.00|1.00|0.00|0.00|
JACK6.3MM/CHASIS|35.00|1.00|6.00|0.00|0.00|0.00|0.00|0.00|0.00|0.00|0.00|0.00|6.00|0.00|0.00|
JACKCANNON|120.00|3.00|1.00|0.00|0.00|0.00|0.00|0.00|0.00|0.00|0.00|1.00|0.00|0.00|0.00|
JACKINVERTIDO2.34MM|24.00|0.00|7.00|0.00|0.00|0.00|0.00|0.00|0.00|0.00|0.00|1.00|4.00|1.00|1.00|
JACKINVERTIDO2MM|0.00|19.00|26.00|0.00|0.00|0.00|0.00|0.00|0.00|0.00|12.00|4.00|2.00|6.00|2.00|
JACKRCA-ROJO|0.00|0.00|2.00|0.00|0.00|0.00|0.00|0.00|0.00|0.00|1.00|0.00|1.00|0.00|0.00|
JACKRCAMET-N|72.00|0.00|1.00|0.00|0.00|0.00|0.00|0.00|0.00|0.00|0.00|0.00|1.00|0.00|0.00|
JACKRCAMET-R|71.00|0.00|1.00|0.00|0.00|0.00|0.00|0.00|0.00|0.00|0.00|0.00|1.00|0.00|0.00|
JACKRJ-45|29.00|0.00|1.00|0.00|0.00|0.00|0.00|0.00|0.00|0.00|0.00|0.00|1.00|0.00|0.00|
JGOCAIMANESCHI|118.00|17.00|66.00|0.00|0.00|0.00|0.00|0.00|0.00|0.00|37.00|13.00|15.00|1.00|0.00|
JGOCAIMANESGDE|0.00|4.00|16.00|0.00|0.00|0.00|0.00|0.00|0.00|0.00|0.00|0.00|3.00|11.00|2.00|
JGODEPINZAS|15.00|0.00|26.00|0.00|0.00|0.00|0.00|0.00|0.00|0.00|16.00|4.00|5.00|0.00|1.00|
JGODERUEDASCHI|7.00|10.00|19.00|0.00|0.00|0.00|0.00|0.00|0.00|0.00|2.00|3.00|1.00|13.00|0.00|
JGODERUEDASGDES|37.50|4.50|15.00|0.00|0.00|0.00|0.00|0.00|0.00|0.00|1.00|6.50|3.00|4.50|0.00|
JGODESARMADORES6|18.00|2.00|1.00|0.00|0.00|0.00|0.00|0.00|0.00|0.00|0.00|0.00|0.00|1.00|0.00|
JGODESARMADORES6-P|16.00|1.00|1.00|0.00|0.00|0.00|0.00|0.00|0.00|0.00|1.00|0.00|0.00|0.00|0.00|
JGOPOSC|103.00|5.00|3.00|0.00|0.00|0.00|0.00|0.00|0.00|0.00|3.00|0.00|0.00|0.00|0.00|
JOYSTICK|50.00|10.00|13.00|0.00|0.00|0.00|0.00|0.00|0.00|0.00|1.00|1.00|3.00|8.00|0.00|
JUMPERDUPONTH-H10CM|129.00|0.00|0.50|0.00|0.00|0.00|0.00|0.00|0.00|0.00|0.00|0.50|0.00|0.00|0.00|
JUMPERDUPONTH-H20CM|69.50|21.50|6.00|0.00|0.00|0.00|0.00|0.00|0.00|0.00|0.50|2.00|3.50|0.00|0.00|
JUMPERDUPONTH-M10CM|404.50|5.50|13.50|0.00|0.00|0.00|0.00|0.00|0.00|0.00|2.00|2.50|4.50|4.50|0.00|
JUMPERDUPONTH-M20CM|212.00|12.00|42.50|0.00|0.00|0.00|0.00|0.00|0.00|0.00|7.00|10.50|12.50|10.50|2.00|
JUMPERDUPONTM-M10CM|393.75|9.00|21.50|0.00|0.00|0.00|0.00|0.00|0.00|0.00|1.00|5.50|4.50|7.50|3.00|
JUMPERDUPONTM-M20CM|596.50|0.00|75.50|0.00|0.00|0.00|0.00|0.00|0.00|0.00|12.00|22.00|19.00|21.50|1.00|
JUMPERH-H10CM|6.00|0.00|14.00|0.00|0.00|0.00|0.00|0.00|0.00|0.00|0.00|0.00|14.00|0.00|0.00|
JUMPERH-H20CM|10.00|0.00|9.00|0.00|0.00|0.00|0.00|0.00|0.00|0.00|0.00|9.00|0.00|0.00|0.00|
JUMPERH-M10CM|34.00|3.00|10.00|0.00|0.00|0.00|0.00|0.00|0.00|0.00|0.00|2.00|0.00|8.00|0.00|
JUMPERH-M20CM|25.00|1.00|61.00|0.00|0.00|0.00|0.00|0.00|0.00|0.00|1.00|6.00|12.00|42.00|0.00|
JUMPERM-M10CM|34.00|2.00|31.00|0.00|0.00|0.00|0.00|0.00|0.00|0.00|0.00|20.00|8.00|0.00|3.00|
JUMPERM-M20CM|76.00|20.00|61.50|0.00|0.00|0.00|0.00|0.00|0.00|0.00|6.00|4.50|4.00|47.00|0.00|
JUMPERS|1098.00|0.00|2.00|0.00|0.00|0.00|0.00|0.00|0.00|0.00|0.00|0.00|0.00|0.00|2.00|
KIT-ARME30CIRCUITOS|0.00|0.00|1.00|0.00|0.00|0.00|0.00|0.00|0.00|0.00|0.00|0.00|0.00|1.00|0.00|
KITENGRANES|5.00|0.00|17.50|0.00|0.00|0.00|0.00|0.00|0.00|0.00|3.00|10.00|1.00|3.50|0.00|
KITSOLDADURA|48.00|16.00|31.00|0.00|0.00|0.00|0.00|0.00|0.00|0.00|29.00|2.00|0.00|0.00|0.00|
KITTRA12V5A|5.00|0.00|8.00|0.00|0.00|0.00|0.00|0.00|0.00|0.00|0.00|8.00|0.00|0.00|0.00|
KOLALOKA|2.00|3.00|23.00|0.00|0.00|0.00|0.00|0.00|0.00|0.00|3.00|4.00|5.00|6.00|5.00|
KULKA|8.00|7.50|39.00|0.00|0.00|0.00|0.00|0.00|0.00|0.00|0.00|19.00|6.00|14.00|0.00|
KULKA-03|15.00|0.00|2.00|0.00|0.00|0.00|0.00|0.00|0.00|0.00|0.00|0.00|2.00|0.00|0.00|
L293B|1.00|33.00|32.00|0.00|0.00|0.00|0.00|0.00|0.00|0.00|0.00|0.00|3.00|29.00|0.00|
L293D|17.00|11.00|74.00|0.00|0.00|0.00|0.00|0.00|0.00|0.00|1.00|34.00|13.00|22.00|4.00|
LAMPARA12V|55.00|38.00|21.00|0.00|0.00|0.00|0.00|0.00|0.00|0.00|0.00|0.00|21.00|0.00|0.00|
LCD16X2C/LUZ|66.00|2.00|56.00|0.00|0.00|0.00|0.00|0.00|0.00|0.00|1.00|14.00|21.00|18.00|2.00|
LEDA|6678.00|947.00|389.00|0.00|0.00|0.00|0.00|0.00|0.00|0.00|81.00|76.00|100.00|119.00|13.00|
LEDAZUL|1673.00|150.00|1276.00|0.00|0.00|0.00|0.00|0.00|0.00|0.00|243.00|161.00|332.00|469.00|71.00|
LEDAZUL-MS|371.00|43.00|50.00|0.00|0.00|0.00|0.00|0.00|0.00|0.00|0.00|35.00|15.00|0.00|0.00|
LEDB|9964.00|116.00|791.00|0.00|0.00|0.00|0.00|0.00|0.00|0.00|11.00|144.00|428.00|186.00|22.00|
LEDBLANCO-MS|0.00|3.00|15.00|0.00|0.00|0.00|0.00|0.00|0.00|0.00|0.00|0.00|15.00|0.00|0.00|
LEDJUMBOULTRABL|50.00|0.00|2.00|0.00|0.00|0.00|0.00|0.00|0.00|0.00|0.00|0.00|2.00|0.00|0.00|
LEDN|799.00|0.00|340.00|0.00|0.00|0.00|0.00|0.00|0.00|0.00|69.00|61.00|182.00|28.00|0.00|
LEDPOTENCIA|0.00|0.00|1.00|0.00|0.00|0.00|0.00|0.00|0.00|0.00|0.00|0.00|0.00|1.00|0.00|
LEDPOTENCIA1W-BLA|564.00|0.00|3.00|0.00|0.00|0.00|0.00|0.00|0.00|0.00|0.00|0.00|2.00|1.00|0.00|
LEDPOTENCIA3WBLA|39.00|22.00|2.00|0.00|0.00|0.00|0.00|0.00|0.00|0.00|0.00|0.00|0.00|2.00|0.00|
LEDR|2110.00|110.00|2204.00|0.00|0.00|0.00|0.00|0.00|0.00|0.00|491.00|816.00|888.00|9.00|0.00|
LEDRGB2P|760.00|21.00|34.00|0.00|0.00|0.00|0.00|0.00|0.00|0.00|0.00|4.00|10.00|20.00|0.00|
LEDRGB4PANODO|594.00|12.00|3.00|0.00|0.00|0.00|0.00|0.00|0.00|0.00|0.00|1.00|0.00|2.00|0.00|
LEDRGB4PCATODO|275.00|12.00|27.00|0.00|0.00|0.00|0.00|0.00|0.00|0.00|1.00|24.00|0.00|2.00|0.00|
LEDULTRAAZUL|1221.00|80.00|109.00|0.00|0.00|0.00|0.00|0.00|0.00|0.00|25.00|29.00|43.00|12.00|0.00|
LEDULTRABLA|8198.00|72.00|165.00|0.00|0.00|0.00|0.00|0.00|0.00|0.00|47.00|45.00|25.00|48.00|0.00|
LEDULTRAROJO|815.00|0.00|53.00|0.00|0.00|0.00|0.00|0.00|0.00|0.00|32.00|9.00|11.00|1.00|0.00|
LEDULTRAROSA|946.00|154.00|53.00|0.00|0.00|0.00|0.00|0.00|0.00|0.00|4.00|7.00|13.00|29.00|0.00|
LEDULTRAVER|840.00|204.00|48.00|0.00|0.00|0.00|0.00|0.00|0.00|0.00|2.00|6.00|16.00|24.00|0.00|
LEDULTRAVIOLETA|532.00|1.00|8.00|0.00|0.00|0.00|0.00|0.00|0.00|0.00|3.00|3.00|0.00|2.00|0.00|
LEDV|6663.00|166.00|1146.00|0.00|0.00|0.00|0.00|0.00|0.00|0.00|187.00|535.00|201.00|161.00|62.00|
LENTES|8.00|2.00|2.00|0.00|0.00|0.00|0.00|0.00|0.00|0.00|2.00|0.00|0.00|0.00|0.00|
LF33CV|20.00|11.00|5.00|0.00|0.00|0.00|0.00|0.00|0.00|0.00|0.00|0.00|0.00|3.00|2.00|
LF353|-1.00|2.00|3.00|0.00|0.00|0.00|0.00|0.00|0.00|0.00|0.00|0.00|0.00|3.00|0.00|
LIJADEAGUA400|0.00|0.00|2.00|0.00|0.00|0.00|0.00|0.00|0.00|0.00|2.00|0.00|0.00|0.00|0.00|
LIJADEAGUA600|31.00|0.00|9.00|0.00|0.00|0.00|0.00|0.00|0.00|0.00|4.00|2.00|1.00|1.00|1.00|
LLANTAS-PAR|0.00|0.00|9.00|0.00|0.00|0.00|0.00|0.00|0.00|0.00|2.00|2.00|3.00|2.00|0.00|
LLAVE1P-11T|27.00|0.00|1.00|0.00|0.00|0.00|0.00|0.00|0.00|0.00|0.00|0.00|0.00|0.00|1.00|
LM311|178.00|14.00|1.00|0.00|0.00|0.00|0.00|0.00|0.00|0.00|0.00|0.00|0.00|1.00|0.00|
LM317T|444.00|42.00|71.00|0.00|0.00|0.00|0.00|0.00|0.00|0.00|12.00|42.00|7.00|8.00|2.00|
LM324|190.00|29.00|19.00|0.00|0.00|0.00|0.00|0.00|0.00|0.00|1.00|1.00|3.00|14.00|0.00|
LM331|3.00|5.00|1.00|0.00|0.00|0.00|0.00|0.00|0.00|0.00|0.00|0.00|0.00|1.00|0.00|
LM335|5.00|0.00|3.00|0.00|0.00|0.00|0.00|0.00|0.00|0.00|0.00|1.00|2.00|0.00|0.00|
LM337T|242.00|10.00|8.00|0.00|0.00|0.00|0.00|0.00|0.00|0.00|5.00|1.00|2.00|0.00|0.00|
LM339|106.00|19.00|2.00|0.00|0.00|0.00|0.00|0.00|0.00|0.00|0.00|2.00|0.00|0.00|0.00|
LM35|297.00|1.00|40.00|0.00|0.00|0.00|0.00|0.00|0.00|0.00|4.00|6.00|10.00|16.00|4.00|
LM358|425.00|9.00|25.00|0.00|0.00|0.00|0.00|0.00|0.00|0.00|0.00|5.00|9.00|9.00|2.00|
LM386|221.00|8.00|1.00|0.00|0.00|0.00|0.00|0.00|0.00|0.00|0.00|0.00|0.00|1.00|0.00|
LM387|0.00|2.00|1.00|0.00|0.00|0.00|0.00|0.00|0.00|0.00|0.00|0.00|0.00|1.00|0.00|
LM3914|0.00|20.00|6.00|0.00|0.00|0.00|0.00|0.00|0.00|0.00|0.00|0.00|0.00|6.00|0.00|
LM3915|22.00|4.00|5.00|0.00|0.00|0.00|0.00|0.00|0.00|0.00|0.00|0.00|1.00|3.00|1.00|
LM741|1757.00|36.00|239.00|0.00|0.00|0.00|0.00|0.00|0.00|0.00|9.00|15.00|178.00|31.00|6.00|
LM7805|377.00|61.00|173.00|0.00|0.00|0.00|0.00|0.00|0.00|0.00|38.00|45.00|51.00|33.00|6.00|
LM7806|103.00|12.00|1.00|0.00|0.00|0.00|0.00|0.00|0.00|0.00|0.00|1.00|0.00|0.00|0.00|
LM7808|119.00|27.00|1.00|0.00|0.00|0.00|0.00|0.00|0.00|0.00|1.00|0.00|0.00|0.00|0.00|
LM7809|102.00|14.00|9.00|0.00|0.00|0.00|0.00|0.00|0.00|0.00|3.00|0.00|2.00|3.00|1.00|
LM7812|407.00|25.00|26.00|0.00|0.00|0.00|0.00|0.00|0.00|0.00|3.00|7.00|7.00|8.00|1.00|
LM7815|100.00|16.00|8.00|0.00|0.00|0.00|0.00|0.00|0.00|0.00|0.00|6.00|2.00|0.00|0.00|
LM7824|15.00|11.00|9.00|0.00|0.00|0.00|0.00|0.00|0.00|0.00|2.00|2.00|3.00|2.00|0.00|
LM7905|76.00|38.00|18.00|0.00|0.00|0.00|0.00|0.00|0.00|0.00|5.00|6.00|0.00|1.00|6.00|
LM7909|18.00|12.00|3.00|0.00|0.00|0.00|0.00|0.00|0.00|0.00|2.00|0.00|0.00|1.00|0.00|
LM7912|34.00|20.00|17.00|0.00|0.00|0.00|0.00|0.00|0.00|0.00|5.00|11.00|0.00|1.00|0.00|
LMC7660|0.00|0.00|1.00|0.00|0.00|0.00|0.00|0.00|0.00|0.00|0.00|0.00|0.00|1.00|0.00|
MAC12|3.00|4.00|1.00|0.00|0.00|0.00|0.00|0.00|0.00|0.00|0.00|1.00|0.00|0.00|0.00|
MAC218|3.00|3.00|13.00|0.00|0.00|0.00|0.00|0.00|0.00|0.00|0.00|0.00|9.00|4.00|0.00|
MAGNETO18|421.00|16.00|1.00|0.00|0.00|0.00|0.00|0.00|0.00|0.00|0.00|0.00|0.00|1.00|0.00|
MAGNETO24|389.00|41.00|68.00|0.00|0.00|0.00|0.00|0.00|0.00|0.00|0.00|4.00|0.00|64.00|0.00|
MAGNETO27|3418.00|458.00|98.00|0.00|0.00|0.00|0.00|0.00|0.00|0.00|35.00|10.00|3.00|50.00|0.00|
MAGNETO28|2507.00|0.00|1.00|0.00|0.00|0.00|0.00|0.00|0.00|0.00|0.00|0.00|1.00|0.00|0.00|
MALLA|9.00|1.00|3.00|0.00|0.00|0.00|0.00|0.00|0.00|0.00|0.00|1.00|2.00|0.00|0.00|
MARCADOR|0.00|0.00|3.00|0.00|0.00|0.00|0.00|0.00|0.00|0.00|0.00|2.00|0.00|1.00|0.00|
MBIPOLAR-02|24.00|0.00|4.00|0.00|0.00|0.00|0.00|0.00|0.00|0.00|0.00|1.00|1.00|2.00|0.00|
MBRUSHLESS|2.00|0.00|2.00|0.00|0.00|0.00|0.00|0.00|0.00|0.00|0.00|0.00|0.00|1.00|1.00|
MICROELEC|11.00|8.00|11.00|0.00|0.00|0.00|0.00|0.00|0.00|0.00|0.00|0.00|1.00|10.00|0.00|
MICROMOTORRED100:1|0.00|0.00|2.00|0.00|0.00|0.00|0.00|0.00|0.00|0.00|2.00|0.00|0.00|0.00|0.00|
MICROMOTORRED100:1-C|19.00|4.00|8.00|0.00|0.00|0.00|0.00|0.00|0.00|0.00|0.00|1.00|1.00|6.00|0.00|
MICROMOTORRED10:1|0.00|0.00|2.00|0.00|0.00|0.00|0.00|0.00|0.00|0.00|0.00|0.00|2.00|0.00|0.00|
MICROMOTORRED50:1|0.00|0.00|5.00|0.00|0.00|0.00|0.00|0.00|0.00|0.00|0.00|2.00|0.00|3.00|0.00|
MICROMOTORRED50:1-C|2.00|2.00|17.00|0.00|0.00|0.00|0.00|0.00|0.00|0.00|0.00|4.00|3.00|10.00|0.00|
MICROSD32G10|0.00|0.00|1.00|0.00|0.00|0.00|0.00|0.00|0.00|0.00|1.00|0.00|0.00|0.00|0.00|
MINIBUZZER|646.00|38.00|17.00|0.00|0.00|0.00|0.00|0.00|0.00|0.00|2.00|5.00|3.00|7.00|0.00|
MINILEDA|0.00|0.00|5.00|0.00|0.00|0.00|0.00|0.00|0.00|0.00|0.00|0.00|5.00|0.00|0.00|
MINILEDAZUL|118.00|40.00|40.00|0.00|0.00|0.00|0.00|0.00|0.00|0.00|0.00|3.00|21.00|12.00|4.00|
MINILEDR|4197.00|0.00|21.00|0.00|0.00|0.00|0.00|0.00|0.00|0.00|0.00|0.00|18.00|3.00|0.00|
MINILEDULTRAAZUL|0.00|0.00|3.00|0.00|0.00|0.00|0.00|0.00|0.00|0.00|0.00|3.00|0.00|0.00|0.00|
MINILEDV|598.00|3.00|12.00|0.00|0.00|0.00|0.00|0.00|0.00|0.00|0.00|0.00|10.00|2.00|0.00|
MINIP100K|610.00|90.00|10.00|0.00|0.00|0.00|0.00|0.00|0.00|0.00|1.00|0.00|1.00|8.00|0.00|
MINIP10K|0.00|12.00|18.00|0.00|0.00|0.00|0.00|0.00|0.00|0.00|1.00|3.00|11.00|3.00|0.00|
MINIP1K|243.00|37.00|6.00|0.00|0.00|0.00|0.00|0.00|0.00|0.00|1.00|0.00|5.00|0.00|0.00|
MINIP50K|177.00|30.00|1.00|0.00|0.00|0.00|0.00|0.00|0.00|0.00|0.00|0.00|0.00|1.00|0.00|
MINIP5K|9.00|11.00|5.00|0.00|0.00|0.00|0.00|0.00|0.00|0.00|2.00|0.00|3.00|0.00|0.00|
MINIPROTO|270.00|0.00|49.00|0.00|0.00|0.00|0.00|0.00|0.00|0.00|6.00|9.00|20.00|14.00|0.00|
MINISERVO|54.00|0.00|31.00|0.00|0.00|0.00|0.00|0.00|0.00|0.00|1.00|6.00|6.00|16.00|2.00|
MJE3055|0.00|4.00|2.00|0.00|0.00|0.00|0.00|0.00|0.00|0.00|0.00|0.00|2.00|0.00|0.00|
MLEDSAC5x7|80.00|1.00|2.00|0.00|0.00|0.00|0.00|0.00|0.00|0.00|0.00|0.00|1.00|1.00|0.00|
MLEDSCC8X8|181.00|2.00|2.00|0.00|0.00|0.00|0.00|0.00|0.00|0.00|0.00|0.00|0.00|2.00|0.00|
MOC3010|137.00|8.00|18.00|0.00|0.00|0.00|0.00|0.00|0.00|0.00|0.00|7.00|1.00|10.00|0.00|
MOC3011|342.00|25.00|23.00|0.00|0.00|0.00|0.00|0.00|0.00|0.00|0.00|1.00|3.00|19.00|0.00|
MOC3020|93.00|10.00|1.00|0.00|0.00|0.00|0.00|0.00|0.00|0.00|0.00|0.00|0.00|1.00|0.00|
MOC3021|248.00|6.00|9.00|0.00|0.00|0.00|0.00|0.00|0.00|0.00|0.00|0.00|1.00|8.00|0.00|
MOC3031|92.00|5.00|5.00|0.00|0.00|0.00|0.00|0.00|0.00|0.00|0.00|0.00|0.00|5.00|0.00|
MOC3033|2.00|0.00|2.00|0.00|0.00|0.00|0.00|0.00|0.00|0.00|0.00|0.00|0.00|2.00|0.00|
MOC3041|156.00|6.00|3.00|0.00|0.00|0.00|0.00|0.00|0.00|0.00|0.00|0.00|1.00|2.00|0.00|
MODULO-CARGADORBATERIA|68.00|6.00|1.00|0.00|0.00|0.00|0.00|0.00|0.00|0.00|0.00|0.00|1.00|0.00|0.00|
MODULO-DRIVERA4988|50.00|7.00|28.00|0.00|0.00|0.00|0.00|0.00|0.00|0.00|0.00|1.00|13.00|12.00|2.00|
MODULO-ENCODER|42.00|6.00|7.00|0.00|0.00|0.00|0.00|0.00|0.00|0.00|2.00|2.00|0.00|3.00|0.00|
MODULO-I2C|51.00|9.00|4.00|0.00|0.00|0.00|0.00|0.00|0.00|0.00|0.00|0.00|2.00|2.00|0.00|
MODULO-L293D|20.00|5.00|3.00|0.00|0.00|0.00|0.00|0.00|0.00|0.00|0.00|0.00|3.00|0.00|0.00|
MODULO-LASSER|32.00|2.00|3.00|0.00|0.00|0.00|0.00|0.00|0.00|0.00|0.00|0.00|0.00|1.00|2.00|
MODULO-MICROSD|58.00|2.00|2.00|0.00|0.00|0.00|0.00|0.00|0.00|0.00|0.00|1.00|1.00|0.00|0.00|
MODULO-NEO06|7.00|0.00|1.00|0.00|0.00|0.00|0.00|0.00|0.00|0.00|1.00|0.00|0.00|0.00|0.00|
MODULO-PUENTEH|65.00|4.00|31.00|0.00|0.00|0.00|0.00|0.00|0.00|0.00|1.00|3.00|13.00|14.00|0.00|
MODULO-REELE1C|105.00|4.00|5.00|0.00|0.00|0.00|0.00|0.00|0.00|0.00|0.00|0.00|3.00|2.00|0.00|
MODULO-REELE2C|50.00|1.00|7.00|0.00|0.00|0.00|0.00|0.00|0.00|0.00|1.00|1.00|2.00|3.00|0.00|
MODULO-REELE4C|37.00|4.00|1.00|0.00|0.00|0.00|0.00|0.00|0.00|0.00|0.00|0.00|0.00|1.00|0.00|
MODULO-REELE8C|1.00|0.00|8.00|0.00|0.00|0.00|0.00|0.00|0.00|0.00|7.00|0.00|1.00|0.00|0.00|
MODULO-RF433MHZ|110.00|2.00|1.00|0.00|0.00|0.00|0.00|0.00|0.00|0.00|0.00|0.00|1.00|0.00|0.00|
MODULO-RFID13.56MHZ|1.00|0.00|1.00|0.00|0.00|0.00|0.00|0.00|0.00|0.00|1.00|0.00|0.00|0.00|0.00|
MODULO-RGP|109.00|4.00|4.00|0.00|0.00|0.00|0.00|0.00|0.00|0.00|1.00|1.00|0.00|2.00|0.00|
MODULO-TERMOPARK|28.50|1.00|2.00|0.00|0.00|0.00|0.00|0.00|0.00|0.00|0.00|1.00|1.00|0.00|0.00|
MODULO-ULN2003|35.50|6.00|20.00|0.00|0.00|0.00|0.00|0.00|0.00|0.00|0.00|7.00|7.50|5.50|0.00|
MODULO-USB/TTL|21.00|4.00|3.00|0.00|0.00|0.00|0.00|0.00|0.00|0.00|1.00|0.00|1.00|0.00|1.00|
MOLEX2H|1576.00|18.00|2.00|0.00|0.00|0.00|0.00|0.00|0.00|0.00|0.00|0.00|0.00|2.00|0.00|
MOLEX2M|1652.00|4.00|4.00|0.00|0.00|0.00|0.00|0.00|0.00|0.00|0.00|0.00|0.00|4.00|0.00|
MOLEX3H|1645.00|1.00|1.00|0.00|0.00|0.00|0.00|0.00|0.00|0.00|0.00|0.00|0.00|1.00|0.00|
MOLEX3M|1664.00|0.00|1.00|0.00|0.00|0.00|0.00|0.00|0.00|0.00|0.00|0.00|0.00|1.00|0.00|
MOLEX4H|1788.00|7.00|1.00|0.00|0.00|0.00|0.00|0.00|0.00|0.00|0.00|0.00|0.00|1.00|0.00|
MOLEX4M|1714.00|5.00|1.00|0.00|0.00|0.00|0.00|0.00|0.00|0.00|0.00|0.00|0.00|1.00|0.00|
MOTOR12VAMA|0.00|0.00|39.00|0.00|0.00|0.00|0.00|0.00|0.00|0.00|1.00|30.00|7.00|1.00|0.00|
MOTOR5V|344.00|8.00|153.00|0.00|0.00|0.00|0.00|0.00|0.00|0.00|2.00|25.00|86.00|36.00|4.00|
MOTOR9V|0.00|0.00|58.00|0.00|0.00|0.00|0.00|0.00|0.00|0.00|0.00|10.00|14.00|33.00|1.00|
MOTOREDUCTORI |533.00|12.00|167.00|0.00|0.00|0.00|0.00|0.00|0.00|0.00|18.00|51.00|16.00|74.00|8.00|
MOTOREDUCTORMET-01|0.00|0.00|4.00|0.00|0.00|0.00|0.00|0.00|0.00|0.00|2.00|0.00|1.00|1.00|0.00|
MOTORGDE12V|800.00|20.00|57.00|0.00|0.00|0.00|0.00|0.00|0.00|0.00|1.00|18.00|13.00|23.00|2.00|
MOTORJHONSON-CHI|0.00|0.00|1.00|0.00|0.00|0.00|0.00|0.00|0.00|0.00|0.00|0.00|0.00|1.00|0.00|
MOTORJOHNSON|0.00|4.00|5.00|0.00|0.00|0.00|0.00|0.00|0.00|0.00|0.00|2.00|0.00|3.00|0.00|
MOTORNEMA|2.00|0.00|1.00|0.00|0.00|0.00|0.00|0.00|0.00|0.00|0.00|0.00|0.00|1.00|0.00|
MOTORNEMA23|3.00|1.00|2.00|0.00|0.00|0.00|0.00|0.00|0.00|0.00|0.00|0.00|0.00|1.00|1.00|
MOTORNEMACHI|1.00|0.00|3.00|0.00|0.00|0.00|0.00|0.00|0.00|0.00|0.00|0.00|2.00|1.00|0.00|
MOTORVIBRADORCEL|39.00|0.00|4.00|0.00|0.00|0.00|0.00|0.00|0.00|0.00|0.00|0.00|4.00|0.00|0.00|
MPS2222A|1433.00|34.00|257.00|0.00|0.00|0.00|0.00|0.00|0.00|0.00|25.00|52.00|71.00|103.00|6.00|
MPX2010DP|0.00|0.00|1.00|0.00|0.00|0.00|0.00|0.00|0.00|0.00|0.00|0.00|0.00|1.00|0.00|
MR752 (NTE5814)|0.00|0.00|1.00|0.00|0.00|0.00|0.00|0.00|0.00|0.00|0.00|0.00|1.00|0.00|0.00|
MUL-005|11.00|3.00|28.00|0.00|0.00|0.00|0.00|0.00|0.00|0.00|18.00|4.00|4.00|1.00|1.00|
MUL-050|31.00|1.00|1.00|0.00|0.00|0.00|0.00|0.00|0.00|0.00|1.00|0.00|0.00|0.00|0.00|
MUL-312|7.00|0.00|5.00|0.00|0.00|0.00|0.00|0.00|0.00|0.00|5.00|0.00|0.00|0.00|0.00|
MUNIPOLAR-02|98.00|2.00|1.00|0.00|0.00|0.00|0.00|0.00|0.00|0.00|1.00|0.00|0.00|0.00|0.00|
NE555|1387.00|39.00|182.00|0.00|0.00|0.00|0.00|0.00|0.00|0.00|9.00|32.00|74.00|60.00|7.00|
NE567|29.00|10.00|3.00|0.00|0.00|0.00|0.00|0.00|0.00|0.00|0.00|0.00|0.00|3.00|0.00|
NENCAPSULADO12V-R|128.00|16.00|7.00|0.00|0.00|0.00|0.00|0.00|0.00|0.00|0.00|2.00|5.00|0.00|0.00|
NENCAPSULADO12V-V|110.00|0.00|6.00|0.00|0.00|0.00|0.00|0.00|0.00|0.00|0.00|2.00|4.00|0.00|0.00|
NEODIMIOMINI|0.00|0.00|15.00|0.00|0.00|0.00|0.00|0.00|0.00|0.00|0.00|1.00|0.00|13.00|1.00|
NEONDESNUDO|68.00|21.00|18.00|0.00|0.00|0.00|0.00|0.00|0.00|0.00|0.00|0.00|18.00|0.00|0.00|
NEONENCAPSULADO-R|9.00|18.00|15.00|0.00|0.00|0.00|0.00|0.00|0.00|0.00|8.00|5.00|0.00|2.00|0.00|
NEONENCAPSULADO-V|4.00|8.00|8.00|0.00|0.00|0.00|0.00|0.00|0.00|0.00|0.00|5.00|2.00|1.00|0.00|
NUCLEOFERRIGDE|0.00|0.00|2.00|0.00|0.00|0.00|0.00|0.00|0.00|0.00|0.00|0.00|2.00|0.00|0.00|
NUCLEOFERRIMED|24.00|11.00|2.00|0.00|0.00|0.00|0.00|0.00|0.00|0.00|0.00|0.00|2.00|0.00|0.00|
OP07|218.00|19.00|4.00|0.00|0.00|0.00|0.00|0.00|0.00|0.00|0.00|0.00|0.00|4.00|0.00|
OPTOIN|117.00|50.00|25.00|0.00|0.00|0.00|0.00|0.00|0.00|0.00|2.00|1.00|2.00|20.00|0.00|
ORGANIZADOR11|12.00|1.00|30.00|0.00|0.00|0.00|0.00|0.00|0.00|0.00|11.00|12.00|2.00|5.00|0.00|
ORGANIZADOR13|13.00|1.00|21.00|0.00|0.00|0.00|0.00|0.00|0.00|0.00|2.00|10.00|9.00|0.00|0.00|
ORGANIZADOR15|10.00|0.00|19.00|0.00|0.00|0.00|0.00|0.00|0.00|0.00|4.00|3.00|6.00|6.00|0.00|
ORGANIZADOR17|4.00|1.00|2.00|0.00|0.00|0.00|0.00|0.00|0.00|0.00|0.00|2.00|0.00|0.00|0.00|
PAPELCOUCHE|815.00|0.00|60.00|0.00|0.00|0.00|0.00|0.00|0.00|0.00|0.00|43.00|0.00|17.00|0.00|
PAQARDUINO|-1.00|0.00|9.00|0.00|0.00|0.00|0.00|0.00|0.00|0.00|2.00|2.00|4.00|1.00|0.00|
PAQCOM|12.00|0.00|82.00|0.00|0.00|0.00|0.00|0.00|0.00|0.00|13.00|7.00|51.00|11.00|0.00|
PAQPIC16F84|0.00|0.00|45.00|0.00|0.00|0.00|0.00|0.00|0.00|0.00|1.00|0.00|42.00|2.00|0.00|
PAQPROTO|-6.00|0.00|12.00|0.00|0.00|0.00|0.00|0.00|0.00|0.00|9.00|0.00|3.00|0.00|0.00|
PASTA|32.00|3.00|32.00|0.00|0.00|0.00|0.00|0.00|0.00|0.00|5.00|6.00|5.00|13.00|3.00|
PC817|7.00|27.00|3.00|0.00|0.00|0.00|0.00|0.00|0.00|0.00|0.00|1.00|2.00|0.00|0.00|
PEGAMENTOEPOXICO|0.00|0.00|2.00|0.00|0.00|0.00|0.00|0.00|0.00|0.00|1.00|0.00|1.00|0.00|0.00|
PERFOCEL40x40|0.00|0.00|10.00|0.00|0.00|0.00|0.00|0.00|0.00|0.00|0.00|4.00|5.00|1.00|0.00|
PERILLAECONOMICA|142.00|31.00|28.00|0.00|0.00|0.00|0.00|0.00|0.00|0.00|0.00|7.00|9.00|10.00|2.00|
PIC16F628|130.00|13.00|11.00|0.00|0.00|0.00|0.00|0.00|0.00|0.00|2.00|1.00|2.00|2.00|4.00|
PIC16F690|0.00|0.00|6.00|0.00|0.00|0.00|0.00|0.00|0.00|0.00|3.00|3.00|0.00|0.00|0.00|
PIC16F84|10.00|18.00|67.00|0.00|0.00|0.00|0.00|0.00|0.00|0.00|19.00|21.00|12.00|15.00|0.00|
PIC16F877A|150.00|1.00|8.00|0.00|0.00|0.00|0.00|0.00|0.00|0.00|2.00|1.00|0.00|4.00|1.00|
PIC16F886|94.00|5.00|1.00|0.00|0.00|0.00|0.00|0.00|0.00|0.00|0.00|0.00|1.00|0.00|0.00|
PIC16F887|97.00|7.00|88.00|0.00|0.00|0.00|0.00|0.00|0.00|0.00|32.00|21.00|19.00|13.00|3.00|
PIEZOELECTRICO|195.00|10.00|5.00|0.00|0.00|0.00|0.00|0.00|0.00|0.00|1.00|0.00|0.00|2.00|2.00|
PILA-AAAVOLTECH|44.00|3.00|20.00|0.00|0.00|0.00|0.00|0.00|0.00|0.00|0.00|2.00|14.00|4.00|0.00|
PILA-AAVOLTECH|90.00|22.00|187.00|0.00|0.00|0.00|0.00|0.00|0.00|0.00|12.00|10.00|117.00|44.00|4.00|
PILA1.5V|20.00|17.00|3.00|0.00|0.00|0.00|0.00|0.00|0.00|0.00|0.00|0.00|0.00|0.00|3.00|
PILA23A|0.00|1.00|6.00|0.00|0.00|0.00|0.00|0.00|0.00|0.00|0.00|1.00|2.00|2.00|1.00|
PILA3VCR2016|89.00|9.00|16.00|0.00|0.00|0.00|0.00|0.00|0.00|0.00|1.00|10.00|1.00|4.00|0.00|
PILA3VCR2025|12.00|0.00|1.00|0.00|0.00|0.00|0.00|0.00|0.00|0.00|1.00|0.00|0.00|0.00|0.00|
PILA3VCR2032|13.00|10.00|9.00|0.00|0.00|0.00|0.00|0.00|0.00|0.00|0.00|1.00|5.00|3.00|0.00|
PILA9VECONOMICA|0.00|0.00|3.00|0.00|0.00|0.00|0.00|0.00|0.00|0.00|1.00|2.00|0.00|0.00|0.00|
PILA9VRECARGABLE|10.00|2.00|6.00|0.00|0.00|0.00|0.00|0.00|0.00|0.00|6.00|0.00|0.00|0.00|0.00|
PILA9VVOLTECH|50.00|0.00|202.00|0.00|0.00|0.00|0.00|0.00|0.00|0.00|42.00|40.00|39.00|69.00|12.00|
PINZAS-RJ45|7.00|1.00|1.00|0.00|0.00|0.00|0.00|0.00|0.00|0.00|0.00|0.00|1.00|0.00|0.00|
PINZASCORTE|6.00|2.00|13.00|0.00|0.00|0.00|0.00|0.00|0.00|0.00|6.00|1.00|6.00|0.00|0.00|
PINZASPELACABLE|1.00|0.00|6.00|0.00|0.00|0.00|0.00|0.00|0.00|0.00|2.00|4.00|0.00|0.00|0.00|
PINZASPUNTA|14.00|7.00|4.00|0.00|0.00|0.00|0.00|0.00|0.00|0.00|2.00|0.00|2.00|0.00|0.00|
PINZASPUNTAYCORTE|18.00|2.00|34.00|0.00|0.00|0.00|0.00|0.00|0.00|0.00|14.00|9.00|8.00|2.00|1.00|
PLACA02CHALUPA|136.00|1.00|1.00|0.00|0.00|0.00|0.00|0.00|0.00|0.00|0.00|1.00|0.00|0.00|0.00|
PLACA03CHALUPA|16.00|4.00|1.00|0.00|0.00|0.00|0.00|0.00|0.00|0.00|0.00|1.00|0.00|0.00|0.00|
PLACA10X10|257.00|2.00|28.00|0.00|0.00|0.00|0.00|0.00|0.00|0.00|1.00|18.00|5.00|2.00|2.00|
PLACA10X10FV|51.00|3.00|1.00|0.00|0.00|0.00|0.00|0.00|0.00|0.00|0.00|0.00|0.00|1.00|0.00|
PLACA10X15|230.00|0.00|18.00|0.00|0.00|0.00|0.00|0.00|0.00|0.00|0.00|4.00|2.00|12.00|0.00|
PLACA15X15|38.00|2.00|3.00|0.00|0.00|0.00|0.00|0.00|0.00|0.00|0.00|1.00|1.00|0.00|1.00|
PLACA5X10|192.00|8.00|22.00|0.00|0.00|0.00|0.00|0.00|0.00|0.00|6.00|9.00|3.00|4.00|0.00|
PLACA5X10DC|57.00|3.00|1.00|0.00|0.00|0.00|0.00|0.00|0.00|0.00|0.00|1.00|0.00|0.00|0.00|
PLACA5X5|234.00|11.00|14.00|0.00|0.00|0.00|0.00|0.00|0.00|0.00|9.00|2.00|1.00|2.00|0.00|
PLACA5X5DC|55.00|4.00|1.00|0.00|0.00|0.00|0.00|0.00|0.00|0.00|0.00|1.00|0.00|0.00|0.00|
PLACAPER5X10|40.00|11.00|27.00|0.00|0.00|0.00|0.00|0.00|0.00|0.00|1.00|10.00|7.00|9.00|0.00|
PLACAPER5X5|51.00|17.00|33.00|0.00|0.00|0.00|0.00|0.00|0.00|0.00|7.00|7.00|11.00|7.00|1.00|
PLACAPERF405|25.00|33.00|21.00|0.00|0.00|0.00|0.00|0.00|0.00|0.00|0.00|0.00|0.00|18.00|3.00|
PLACAPERF600|0.00|0.00|1.00|0.00|0.00|0.00|0.00|0.00|0.00|0.00|1.00|0.00|0.00|0.00|0.00|
PLACAPERFTPRO-400|53.00|17.00|98.00|0.00|0.00|0.00|0.00|0.00|0.00|0.00|6.00|42.00|21.00|28.00|1.00|
PLACAPROTO|10.00|0.00|4.00|0.00|0.00|0.00|0.00|0.00|0.00|0.00|0.00|0.00|0.00|4.00|0.00|
PLUG3.5MM-ESTEREO|33.00|7.00|12.00|0.00|0.00|0.00|0.00|0.00|0.00|0.00|0.00|1.00|7.00|3.00|1.00|
PLUG3.5MM-VIDEO|11.00|7.00|18.00|0.00|0.00|0.00|0.00|0.00|0.00|0.00|2.00|6.00|6.00|3.00|1.00|
PLUG6.3MM|(null)|3.00|1.00|0.00|0.00|0.00|0.00|0.00|0.00|0.00|0.00|0.00|0.00|0.00|1.00|
PLUG6.3MONO|(null)|5.00|1.00|0.00|0.00|0.00|0.00|0.00|0.00|0.00|0.00|0.00|0.00|1.00|0.00|
PLUGCANNON|55.00|15.00|1.00|0.00|0.00|0.00|0.00|0.00|0.00|0.00|0.00|1.00|0.00|0.00|0.00|
PLUGINVERTIDO2.1MM|244.00|4.00|8.00|0.00|0.00|0.00|0.00|0.00|0.00|0.00|0.00|4.00|2.00|2.00|0.00|
PLUGRCA-N|1.00|2.00|1.00|0.00|0.00|0.00|0.00|0.00|0.00|0.00|0.00|0.00|1.00|0.00|0.00|
PLUGRCAMET-N|14.00|2.00|2.00|0.00|0.00|0.00|0.00|0.00|0.00|0.00|0.00|2.00|0.00|0.00|0.00|
PLUGRCAMET-R|90.00|4.00|1.00|0.00|0.00|0.00|0.00|0.00|0.00|0.00|0.00|1.00|0.00|0.00|0.00|
PLUGUSB|48.00|4.00|1.00|0.00|0.00|0.00|0.00|0.00|0.00|0.00|0.00|0.00|0.00|1.00|0.00|
POLEA|0.00|1.00|2.00|0.00|0.00|0.00|0.00|0.00|0.00|0.00|0.00|0.00|0.00|2.00|0.00|
POLEA01|0.00|0.00|10.00|0.00|0.00|0.00|0.00|0.00|0.00|0.00|5.00|0.00|5.00|0.00|0.00|
PORTAFUAUTOMOTRIZ-TA|88.00|14.00|3.00|0.00|0.00|0.00|0.00|0.00|0.00|0.00|0.00|0.00|1.00|2.00|0.00|
PORTAFUPRESION-TA|42.00|19.00|19.00|0.00|0.00|0.00|0.00|0.00|0.00|0.00|9.00|6.00|3.00|1.00|0.00|
PORTAFUPRESION-TE|53.00|0.00|20.00|0.00|0.00|0.00|0.00|0.00|0.00|0.00|1.00|3.00|14.00|2.00|0.00|
PORTAFUROSCA-TA|23.00|0.00|8.00|0.00|0.00|0.00|0.00|0.00|0.00|0.00|0.00|1.00|4.00|3.00|0.00|
PORTAFUROSCA-TE|78.00|0.00|26.00|0.00|0.00|0.00|0.00|0.00|0.00|0.00|9.00|9.00|8.00|0.00|0.00|
PORTALED|58.00|0.00|1.00|0.00|0.00|0.00|0.00|0.00|0.00|0.00|0.00|0.00|0.00|1.00|0.00|
PORTAPILA1-AAA|0.00|0.00|5.00|0.00|0.00|0.00|0.00|0.00|0.00|0.00|0.00|2.00|3.00|0.00|0.00|
PORTAPILA2-M|27.00|22.00|31.00|0.00|0.00|0.00|0.00|0.00|0.00|0.00|7.00|8.00|6.00|10.00|0.00|
PORTAPILA4-M|33.00|10.00|72.00|0.00|0.00|0.00|0.00|0.00|0.00|0.00|1.00|0.00|58.00|12.00|1.00|
PORTAPILAPLANA|46.00|11.00|6.00|0.00|0.00|0.00|0.00|0.00|0.00|0.00|0.00|4.00|0.00|2.00|0.00|
POT100K|0.00|36.00|448.00|0.00|0.00|0.00|0.00|0.00|0.00|0.00|34.00|310.00|50.00|44.00|10.00|
POT10K|720.00|8.00|226.00|0.00|0.00|0.00|0.00|0.00|0.00|0.00|18.00|74.00|79.00|48.00|7.00|
POT10K2W|81.00|3.00|1.00|0.00|0.00|0.00|0.00|0.00|0.00|0.00|0.00|0.00|0.00|1.00|0.00|
POT1K|46.00|16.00|67.00|0.00|0.00|0.00|0.00|0.00|0.00|0.00|4.00|14.00|21.00|24.00|4.00|
POT1M|122.00|14.00|19.00|0.00|0.00|0.00|0.00|0.00|0.00|0.00|0.00|2.00|7.00|9.00|1.00|
POT20K|89.00|15.00|28.00|0.00|0.00|0.00|0.00|0.00|0.00|0.00|1.00|7.00|13.00|5.00|2.00|
POT250K|22.00|15.00|8.00|0.00|0.00|0.00|0.00|0.00|0.00|0.00|0.00|4.00|2.00|2.00|0.00|
POT2K|87.00|29.00|18.00|0.00|0.00|0.00|0.00|0.00|0.00|0.00|0.00|10.00|4.00|2.00|2.00|
POT500K|318.00|16.00|14.00|0.00|0.00|0.00|0.00|0.00|0.00|0.00|0.00|1.00|4.00|7.00|2.00|
POT50K|13.00|27.00|49.00|0.00|0.00|0.00|0.00|0.00|0.00|0.00|3.00|13.00|13.00|17.00|3.00|
POT5K|943.00|35.00|121.00|0.00|0.00|0.00|0.00|0.00|0.00|0.00|8.00|53.00|32.00|22.00|6.00|
POT5K-CHASIS|4.00|7.00|5.00|0.00|0.00|0.00|0.00|0.00|0.00|0.00|0.00|5.00|0.00|0.00|0.00|
POT5K2W|(null)|0.00|1.00|0.00|0.00|0.00|0.00|0.00|0.00|0.00|0.00|1.00|0.00|0.00|0.00|
POTDOBLE10K|49.00|3.00|3.00|0.00|0.00|0.00|0.00|0.00|0.00|0.00|0.00|1.00|0.00|2.00|0.00|
POTDOBLE50K|24.00|8.00|1.00|0.00|0.00|0.00|0.00|0.00|0.00|0.00|0.00|0.00|0.00|1.00|0.00|
PROBADOR-RJ45ECO|0.00|0.00|1.00|0.00|0.00|0.00|0.00|0.00|0.00|0.00|0.00|0.00|1.00|0.00|0.00|
PROTO-005|231.00|0.00|24.00|0.00|0.00|0.00|0.00|0.00|0.00|0.00|5.00|9.00|4.00|4.00|2.00|
PROTO-016|618.00|18.00|340.00|0.00|0.00|0.00|0.00|0.00|0.00|0.00|58.00|201.00|67.00|13.00|1.00|
PROTO-102|557.00|8.00|105.00|0.00|0.00|0.00|0.00|0.00|0.00|0.00|43.00|20.00|18.00|15.00|9.00|
PROTO-103|20.00|6.00|49.00|0.00|0.00|0.00|0.00|0.00|0.00|0.00|17.00|7.00|5.00|18.00|2.00|
PROYECTO|3.00|0.00|20.00|0.00|0.00|0.00|0.00|0.00|0.00|0.00|0.00|1.00|9.00|10.00|0.00|
PSEMAFORP|(null)|3.00|3.00|0.00|0.00|0.00|0.00|0.00|0.00|0.00|0.00|0.00|0.00|3.00|0.00|
PUEDIO2A|147.00|43.00|42.00|0.00|0.00|0.00|0.00|0.00|0.00|0.00|17.00|12.00|6.00|6.00|1.00|
PUEDIO35A|0.00|4.00|3.00|0.00|0.00|0.00|0.00|0.00|0.00|0.00|3.00|0.00|0.00|0.00|0.00|
PUEDIO4A|113.00|25.00|16.00|0.00|0.00|0.00|0.00|0.00|0.00|0.00|5.00|5.00|1.00|5.00|0.00|
PULSERA|0.00|8.00|9.00|0.00|0.00|0.00|0.00|0.00|0.00|0.00|2.00|1.00|4.00|1.00|1.00|
PUNTAMULTI|37.00|2.00|4.00|0.00|0.00|0.00|0.00|0.00|0.00|0.00|0.00|0.00|4.00|0.00|0.00|
PUNTAMULTI02|0.00|0.00|2.00|0.00|0.00|0.00|0.00|0.00|0.00|0.00|1.00|0.00|0.00|1.00|0.00|
PUNTAOSC2|1248.00|38.00|24.00|0.00|0.00|0.00|0.00|0.00|0.00|0.00|20.00|3.00|0.00|1.00|0.00|
PUNTB/B|62.00|5.00|3.00|0.00|0.00|0.00|0.00|0.00|0.00|0.00|3.00|0.00|0.00|0.00|0.00|
PUNTB/B100-22|0.00|0.00|6.00|0.00|0.00|0.00|0.00|0.00|0.00|0.00|6.00|0.00|0.00|0.00|0.00|
PUNTB/C|740.00|22.00|56.00|0.00|0.00|0.00|0.00|0.00|0.00|0.00|13.00|9.00|6.00|24.00|4.00|
PUNTB/C100-22|29.00|0.00|12.00|0.00|0.00|0.00|0.00|0.00|0.00|0.00|12.00|0.00|0.00|0.00|0.00|
PUNTB/C60T|43.00|0.00|1.00|0.00|0.00|0.00|0.00|0.00|0.00|0.00|0.00|1.00|0.00|0.00|0.00|
PUNTC/C|218.00|13.00|38.00|0.00|0.00|0.00|0.00|0.00|0.00|0.00|19.00|18.00|1.00|0.00|0.00|
PUNTC/C100-22|0.00|0.00|8.00|0.00|0.00|0.00|0.00|0.00|0.00|0.00|6.00|0.00|0.00|2.00|0.00|
PUSH2P|6493.00|198.00|1249.00|0.00|0.00|0.00|0.00|0.00|0.00|0.00|212.00|392.00|392.00|250.00|3.00|
PUSH4P|2427.00|13.00|29.00|0.00|0.00|0.00|0.00|0.00|0.00|0.00|1.00|2.00|20.00|5.00|1.00|
PUSH4P/BOTON|0.00|0.00|7.00|0.00|0.00|0.00|0.00|0.00|0.00|0.00|0.00|0.00|0.00|7.00|0.00|
PUSHCUADGDE-VER|0.00|1.00|1.00|0.00|0.00|0.00|0.00|0.00|0.00|0.00|0.00|0.00|0.00|0.00|1.00|
PUSHCUADRADO|6.00|5.00|19.00|0.00|0.00|0.00|0.00|0.00|0.00|0.00|1.00|0.00|1.00|15.00|2.00|
PUSHGDE-AM|12.00|6.00|11.00|0.00|0.00|0.00|0.00|0.00|0.00|0.00|0.00|0.00|0.00|10.00|1.00|
PUSHNEGRO|233.00|16.00|42.00|0.00|0.00|0.00|0.00|0.00|0.00|0.00|2.00|31.00|6.00|3.00|0.00|
PUSHROJO|131.00|37.00|54.00|0.00|0.00|0.00|0.00|0.00|0.00|0.00|2.00|18.00|6.00|28.00|0.00|
Q4010L5|3.00|0.00|4.00|0.00|0.00|0.00|0.00|0.00|0.00|0.00|0.00|0.00|0.00|4.00|0.00|
Q4010LT|0.00|2.00|2.00|0.00|0.00|0.00|0.00|0.00|0.00|0.00|0.00|0.00|0.00|2.00|0.00|
QRD1114|49.00|11.00|8.00|0.00|0.00|0.00|0.00|0.00|0.00|0.00|1.00|6.00|0.00|1.00|0.00|
R1.2Kw1/2|5183.00|175.00|191.00|0.00|0.00|0.00|0.00|0.00|0.00|0.00|85.00|25.00|20.00|61.00|0.00|
R1.2Kw25|0.00|0.00|7.00|0.00|0.00|0.00|0.00|0.00|0.00|0.00|0.00|0.00|0.00|7.00|0.00|
R1.2Mw1/2|3023.00|5.00|10.00|0.00|0.00|0.00|0.00|0.00|0.00|0.00|5.00|5.00|0.00|0.00|0.00|
R1.5Kw1|4.00|0.00|5.00|0.00|0.00|0.00|0.00|0.00|0.00|0.00|0.00|3.00|2.00|0.00|0.00|
R1.5Kw1/2|7659.00|105.00|290.00|0.00|0.00|0.00|0.00|0.00|0.00|0.00|20.00|70.00|150.00|45.00|5.00|
R1.5Kw2|48.00|24.00|8.00|0.00|0.00|0.00|0.00|0.00|0.00|0.00|6.00|2.00|0.00|0.00|0.00|
R1.5Mw1/2|8000.00|200.00|5.00|0.00|0.00|0.00|0.00|0.00|0.00|0.00|0.00|0.00|5.00|0.00|0.00|
R1.5w1/2|5100.00|105.00|5.00|0.00|0.00|0.00|0.00|0.00|0.00|0.00|5.00|0.00|0.00|0.00|0.00|
R1.8Kw1/2|4905.00|230.00|25.00|0.00|0.00|0.00|0.00|0.00|0.00|0.00|5.00|0.00|10.00|10.00|0.00|
R1.8Mw1/2|8210.00|0.00|5.00|0.00|0.00|0.00|0.00|0.00|0.00|0.00|5.00|0.00|0.00|0.00|0.00|
R1.8w1/2|3525.00|340.00|11.00|0.00|0.00|0.00|0.00|0.00|0.00|0.00|5.00|0.00|6.00|0.00|0.00|
R1.8w5|0.00|30.00|64.00|0.00|0.00|0.00|0.00|0.00|0.00|0.00|0.00|0.00|64.00|0.00|0.00|
R100Kw1|711.00|24.00|3.00|0.00|0.00|0.00|0.00|0.00|0.00|0.00|0.00|0.00|0.00|3.00|0.00|
R100Kw1/2|13163.00|942.00|686.00|0.00|0.00|0.00|0.00|0.00|0.00|0.00|210.00|150.00|80.00|236.00|10.00|
R100Kw2|113.00|8.00|2.00|0.00|0.00|0.00|0.00|0.00|0.00|0.00|0.00|0.00|0.00|2.00|0.00|
R100w1|784.00|82.00|79.00|0.00|0.00|0.00|0.00|0.00|0.00|0.00|12.00|20.00|36.00|11.00|0.00|
R100w1/2|9269.00|0.00|1151.00|0.00|0.00|0.00|0.00|0.00|0.00|0.00|416.00|271.00|236.00|218.00|10.00|
R100w10|75.00|18.00|60.00|0.00|0.00|0.00|0.00|0.00|0.00|0.00|2.00|2.00|35.00|18.00|3.00|
R100w2|282.00|27.00|85.00|0.00|0.00|0.00|0.00|0.00|0.00|0.00|3.00|62.00|13.00|7.00|0.00|
R100w25|218.00|30.00|1.00|0.00|0.00|0.00|0.00|0.00|0.00|0.00|0.00|0.00|0.00|1.00|0.00|
R100w5|119.00|5.00|77.00|0.00|0.00|0.00|0.00|0.00|0.00|0.00|50.00|20.00|6.00|1.00|0.00|
R10Kw1|431.00|10.00|7.00|0.00|0.00|0.00|0.00|0.00|0.00|0.00|0.00|0.00|7.00|0.00|0.00|
R10Kw1/2|40494.00|270.00|2227.00|0.00|0.00|0.00|0.00|0.00|0.00|0.00|540.00|779.00|407.00|476.00|25.00|
R10Kw1/8|0.00|0.00|70.00|0.00|0.00|0.00|0.00|0.00|0.00|0.00|0.00|38.00|26.00|6.00|0.00|
R10Kw1/8-MS|4790.00|3.00|42.00|0.00|0.00|0.00|0.00|0.00|0.00|0.00|0.00|8.00|30.00|4.00|0.00|
R10Kw2|93.00|16.00|27.00|0.00|0.00|0.00|0.00|0.00|0.00|0.00|0.00|2.00|19.00|6.00|0.00|
R10Kw5|1.00|10.00|3.00|0.00|0.00|0.00|0.00|0.00|0.00|0.00|0.00|0.00|0.00|3.00|0.00|
R10Mw1/2|6860.00|402.00|180.00|0.00|0.00|0.00|0.00|0.00|0.00|0.00|110.00|20.00|25.00|25.00|0.00|
R10w1|727.00|0.00|3.00|0.00|0.00|0.00|0.00|0.00|0.00|0.00|3.00|0.00|0.00|0.00|0.00|
R10w1/2|5290.00|735.00|660.00|0.00|0.00|0.00|0.00|0.00|0.00|0.00|230.00|376.00|39.00|15.00|0.00|
R10w10|99.00|29.00|25.00|0.00|0.00|0.00|0.00|0.00|0.00|0.00|0.00|3.00|22.00|0.00|0.00|
R10w2|52.00|5.00|7.00|0.00|0.00|0.00|0.00|0.00|0.00|0.00|0.00|6.00|0.00|1.00|0.00|
R10w5|191.00|30.00|191.00|0.00|0.00|0.00|0.00|0.00|0.00|0.00|0.00|0.00|190.00|1.00|0.00|
R120Kw1/2|5575.00|120.00|300.00|0.00|0.00|0.00|0.00|0.00|0.00|0.00|5.00|290.00|0.00|0.00|5.00|
R120w1/2|5525.00|400.00|96.00|0.00|0.00|0.00|0.00|0.00|0.00|0.00|41.00|20.00|25.00|10.00|0.00|
R120w25|112.00|16.00|27.00|0.00|0.00|0.00|0.00|0.00|0.00|0.00|18.00|6.00|0.00|3.00|0.00|
R12Kw1/2|8805.00|120.00|110.00|0.00|0.00|0.00|0.00|0.00|0.00|0.00|30.00|20.00|25.00|35.00|0.00|
R12w1|0.00|1.00|5.00|0.00|0.00|0.00|0.00|0.00|0.00|0.00|0.00|5.00|0.00|0.00|0.00|
R12w1/2|3295.00|120.00|30.00|0.00|0.00|0.00|0.00|0.00|0.00|0.00|5.00|15.00|10.00|0.00|0.00|
R12w25|30.00|10.00|5.00|0.00|0.00|0.00|0.00|0.00|0.00|0.00|0.00|0.00|0.00|5.00|0.00|
R150Kw1/2|5220.00|82.00|50.00|0.00|0.00|0.00|0.00|0.00|0.00|0.00|5.00|5.00|0.00|35.00|5.00|
R150w1/2|4330.00|235.00|305.00|0.00|0.00|0.00|0.00|0.00|0.00|0.00|110.00|65.00|125.00|5.00|0.00|
R15Kw1/2|5754.00|450.00|380.00|0.00|0.00|0.00|0.00|0.00|0.00|0.00|30.00|265.00|30.00|55.00|0.00|
R15w1/2|7730.00|140.00|40.00|0.00|0.00|0.00|0.00|0.00|0.00|0.00|15.00|10.00|10.00|5.00|0.00|
R15w25|206.00|4.00|8.00|0.00|0.00|0.00|0.00|0.00|0.00|0.00|0.00|0.00|2.00|6.00|0.00|
R180Kw1/2|6515.00|65.00|10.00|0.00|0.00|0.00|0.00|0.00|0.00|0.00|5.00|0.00|5.00|0.00|0.00|
R180w1|622.00|48.00|2.00|0.00|0.00|0.00|0.00|0.00|0.00|0.00|0.00|2.00|0.00|0.00|0.00|
R180w1/2|18460.00|65.00|296.00|0.00|0.00|0.00|0.00|0.00|0.00|0.00|105.00|80.00|50.00|61.00|0.00|
R18Kw1|37.00|13.00|1.00|0.00|0.00|0.00|0.00|0.00|0.00|0.00|0.00|0.00|0.00|1.00|0.00|
R18Kw1/2|3975.00|180.00|130.00|0.00|0.00|0.00|0.00|0.00|0.00|0.00|5.00|55.00|35.00|25.00|10.00|
R18w1/2|3495.00|98.00|35.00|0.00|0.00|0.00|0.00|0.00|0.00|0.00|5.00|15.00|5.00|10.00|0.00|
R1Kw1|8.00|2.00|68.00|0.00|0.00|0.00|0.00|0.00|0.00|0.00|0.00|19.00|38.00|11.00|0.00|
R1Kw1/2|32689.00|710.00|4747.00|0.00|0.00|0.00|0.00|0.00|0.00|0.00|1473.00|1471.00|981.00|762.00|60.00|
R1Kw1/4|0.00|0.00|6.00|0.00|0.00|0.00|0.00|0.00|0.00|0.00|0.00|3.00|3.00|0.00|0.00|
R1Kw2|33.00|11.00|23.00|0.00|0.00|0.00|0.00|0.00|0.00|0.00|4.00|2.00|17.00|0.00|0.00|
R1Kw25|91.00|39.00|42.00|0.00|0.00|0.00|0.00|0.00|0.00|0.00|1.00|0.00|6.00|35.00|0.00|
R1Kw5|155.00|27.00|19.00|0.00|0.00|0.00|0.00|0.00|0.00|0.00|16.00|0.00|0.00|3.00|0.00|
R1Mw1/2|4509.00|177.00|455.00|0.00|0.00|0.00|0.00|0.00|0.00|0.00|320.00|30.00|30.00|75.00|0.00|
R1w1|411.00|16.00|2.00|0.00|0.00|0.00|0.00|0.00|0.00|0.00|0.00|2.00|0.00|0.00|0.00|
R1w1/2|681.00|25.00|171.00|0.00|0.00|0.00|0.00|0.00|0.00|0.00|100.00|25.00|20.00|26.00|0.00|
R1w2|20.00|2.00|3.00|0.00|0.00|0.00|0.00|0.00|0.00|0.00|3.00|0.00|0.00|0.00|0.00|
R1w25|1.00|4.00|1.00|0.00|0.00|0.00|0.00|0.00|0.00|0.00|0.00|0.00|0.00|1.00|0.00|
R2.2Kw1|352.00|24.00|2.00|0.00|0.00|0.00|0.00|0.00|0.00|0.00|0.00|0.00|2.00|0.00|0.00|
R2.2Kw1/2|11540.00|390.00|1342.00|0.00|0.00|0.00|0.00|0.00|0.00|0.00|227.00|675.00|350.00|75.00|15.00|
R2.2Kw2|78.00|26.00|11.00|0.00|0.00|0.00|0.00|0.00|0.00|0.00|4.00|2.00|5.00|0.00|0.00|
R2.2Mw1/2|2975.00|45.00|30.00|0.00|0.00|0.00|0.00|0.00|0.00|0.00|10.00|0.00|5.00|15.00|0.00|
R2.2w1|709.00|7.00|1.00|0.00|0.00|0.00|0.00|0.00|0.00|0.00|0.00|1.00|0.00|0.00|0.00|
R2.2w1/2|4120.00|100.00|15.00|0.00|0.00|0.00|0.00|0.00|0.00|0.00|10.00|0.00|5.00|0.00|0.00|
R2.2w10|33.00|13.00|2.00|0.00|0.00|0.00|0.00|0.00|0.00|0.00|0.00|0.00|2.00|0.00|0.00|
R2.7Kw1/2|2905.00|395.00|101.00|0.00|0.00|0.00|0.00|0.00|0.00|0.00|25.00|15.00|26.00|35.00|0.00|
R2.7w1/2|3145.00|95.00|15.00|0.00|0.00|0.00|0.00|0.00|0.00|0.00|5.00|0.00|10.00|0.00|0.00|
R220Kw1/2|7975.00|95.00|115.00|0.00|0.00|0.00|0.00|0.00|0.00|0.00|25.00|10.00|20.00|55.00|5.00|
R220w1|701.00|134.00|19.00|0.00|0.00|0.00|0.00|0.00|0.00|0.00|12.00|5.00|0.00|2.00|0.00|
R220w1/2|33294.00|1520.00|2567.00|0.00|0.00|0.00|0.00|0.00|0.00|0.00|680.00|801.00|585.00|461.00|40.00|
R220w1/8-MS|4800.00|5.00|59.00|0.00|0.00|0.00|0.00|0.00|0.00|0.00|0.00|9.00|50.00|0.00|0.00|
R220w10|160.00|10.00|2.00|0.00|0.00|0.00|0.00|0.00|0.00|0.00|0.00|0.00|2.00|0.00|0.00|
R220w2|160.00|2.00|2.00|0.00|0.00|0.00|0.00|0.00|0.00|0.00|0.00|2.00|0.00|0.00|0.00|
R220w25|24.00|10.00|3.00|0.00|0.00|0.00|0.00|0.00|0.00|0.00|0.00|0.00|3.00|0.00|0.00|
R22Kw1/2|3555.00|100.00|355.00|0.00|0.00|0.00|0.00|0.00|0.00|0.00|75.00|85.00|30.00|150.00|15.00|
R22Kw5|0.00|0.00|1.00|0.00|0.00|0.00|0.00|0.00|0.00|0.00|0.00|0.00|0.00|1.00|0.00|
R22w1|708.00|18.00|4.00|0.00|0.00|0.00|0.00|0.00|0.00|0.00|4.00|0.00|0.00|0.00|0.00|
R22w1/2|2930.00|100.00|120.00|0.00|0.00|0.00|0.00|0.00|0.00|0.00|75.00|25.00|10.00|10.00|0.00|
R22w25|47.00|5.00|25.00|0.00|0.00|0.00|0.00|0.00|0.00|0.00|2.00|1.00|0.00|21.00|1.00|
R270Kw1/2|6190.00|74.00|75.00|0.00|0.00|0.00|0.00|0.00|0.00|0.00|5.00|0.00|60.00|10.00|0.00|
R270w1|290.00|55.00|22.00|0.00|0.00|0.00|0.00|0.00|0.00|0.00|12.00|5.00|3.00|2.00|0.00|
R270w1/2|4725.00|140.00|551.00|0.00|0.00|0.00|0.00|0.00|0.00|0.00|186.00|250.00|50.00|55.00|10.00|
R27Kw1/2|10745.00|105.00|50.00|0.00|0.00|0.00|0.00|0.00|0.00|0.00|5.00|0.00|20.00|25.00|0.00|
R27w1|669.00|19.00|2.00|0.00|0.00|0.00|0.00|0.00|0.00|0.00|0.00|2.00|0.00|0.00|0.00|
R27w1/2|4610.00|503.00|30.00|0.00|0.00|0.00|0.00|0.00|0.00|0.00|15.00|15.00|0.00|0.00|0.00|
R3.3Kw1|678.00|2.00|12.00|0.00|0.00|0.00|0.00|0.00|0.00|0.00|12.00|0.00|0.00|0.00|0.00|
R3.3Kw1/2|9490.00|285.00|105.00|0.00|0.00|0.00|0.00|0.00|0.00|0.00|5.00|25.00|35.00|35.00|5.00|
R3.3Mw1/2|4655.00|85.00|20.00|0.00|0.00|0.00|0.00|0.00|0.00|0.00|5.00|5.00|0.00|10.00|0.00|
R3.3w1|0.00|8.00|1.00|0.00|0.00|0.00|0.00|0.00|0.00|0.00|0.00|0.00|1.00|0.00|0.00|
R3.3w1/2|2525.00|190.00|25.00|0.00|0.00|0.00|0.00|0.00|0.00|0.00|5.00|0.00|10.00|10.00|0.00|
R3.3w5|38.00|8.00|2.00|0.00|0.00|0.00|0.00|0.00|0.00|0.00|0.00|0.00|1.00|1.00|0.00|
R3.9Kw1/2|3459.00|160.00|70.00|0.00|0.00|0.00|0.00|0.00|0.00|0.00|0.00|30.00|25.00|15.00|0.00|
R3.9Mw1/2|2600.00|55.00|5.00|0.00|0.00|0.00|0.00|0.00|0.00|0.00|5.00|0.00|0.00|0.00|0.00|
R330Kw1/2|50.00|560.00|160.00|0.00|0.00|0.00|0.00|0.00|0.00|0.00|120.00|5.00|10.00|25.00|0.00|
R330Kw2|2.00|4.00|6.00|0.00|0.00|0.00|0.00|0.00|0.00|0.00|0.00|0.00|0.00|6.00|0.00|
R330w1|452.00|41.00|10.00|0.00|0.00|0.00|0.00|0.00|0.00|0.00|0.00|4.00|0.00|6.00|0.00|
R330w1/2|30627.00|280.00|4832.00|0.00|0.00|0.00|0.00|0.00|0.00|0.00|1416.00|1266.00|1205.00|770.00|175.00|
R330w2|50.00|11.00|3.00|0.00|0.00|0.00|0.00|0.00|0.00|0.00|1.00|2.00|0.00|0.00|0.00|
R330w25|0.00|18.00|1.00|0.00|0.00|0.00|0.00|0.00|0.00|0.00|1.00|0.00|0.00|0.00|0.00|
R330w5|10.00|3.00|2.00|0.00|0.00|0.00|0.00|0.00|0.00|0.00|2.00|0.00|0.00|0.00|0.00|
R33Kw1/2|6190.00|205.00|1025.00|0.00|0.00|0.00|0.00|0.00|0.00|0.00|25.00|610.00|300.00|80.00|10.00|
R33Kw5|0.00|4.00|2.00|0.00|0.00|0.00|0.00|0.00|0.00|0.00|0.00|0.00|0.00|2.00|0.00|
R33w1|616.00|12.00|2.00|0.00|0.00|0.00|0.00|0.00|0.00|0.00|0.00|2.00|0.00|0.00|0.00|
R33w1/2|6265.00|20.00|30.00|0.00|0.00|0.00|0.00|0.00|0.00|0.00|25.00|0.00|5.00|0.00|0.00|
R33w25|179.00|28.00|21.00|0.00|0.00|0.00|0.00|0.00|0.00|0.00|0.00|0.00|0.00|20.00|1.00|
R390Kw1/2|7500.00|40.00|20.00|0.00|0.00|0.00|0.00|0.00|0.00|0.00|5.00|0.00|15.00|0.00|0.00|
R390w1/2|7715.00|167.00|320.00|0.00|0.00|0.00|0.00|0.00|0.00|0.00|110.00|90.00|60.00|60.00|0.00|
R39Kw1/2|5025.00|0.00|105.00|0.00|0.00|0.00|0.00|0.00|0.00|0.00|0.00|5.00|90.00|10.00|0.00|
R39w1/2|2780.00|280.00|35.00|0.00|0.00|0.00|0.00|0.00|0.00|0.00|10.00|20.00|0.00|5.00|0.00|
R4.7Kw1|691.00|13.00|3.00|0.00|0.00|0.00|0.00|0.00|0.00|0.00|0.00|0.00|0.00|3.00|0.00|
R4.7Kw1/2|18305.00|650.00|545.00|0.00|0.00|0.00|0.00|0.00|0.00|0.00|115.00|149.00|105.00|171.00|5.00|
R4.7Kw10|0.00|4.00|1.00|0.00|0.00|0.00|0.00|0.00|0.00|0.00|0.00|0.00|0.00|1.00|0.00|
R4.7Kw2|336.00|15.00|1.00|0.00|0.00|0.00|0.00|0.00|0.00|0.00|0.00|1.00|0.00|0.00|0.00|
R4.7Mw1/2|4185.00|55.00|15.00|0.00|0.00|0.00|0.00|0.00|0.00|0.00|5.00|0.00|5.00|0.00|5.00|
R4.7w1/2|7660.00|65.00|50.00|0.00|0.00|0.00|0.00|0.00|0.00|0.00|20.00|5.00|15.00|10.00|0.00|
R4.7w5|58.00|17.00|1.00|0.00|0.00|0.00|0.00|0.00|0.00|0.00|0.00|0.00|1.00|0.00|0.00|
R470Kw1/2|5250.00|300.00|695.00|0.00|0.00|0.00|0.00|0.00|0.00|0.00|15.00|410.00|255.00|10.00|5.00|
R470w1|450.00|72.00|26.00|0.00|0.00|0.00|0.00|0.00|0.00|0.00|12.00|0.00|2.00|12.00|0.00|
R470w1/2|11565.00|825.00|726.00|0.00|0.00|0.00|0.00|0.00|0.00|0.00|170.00|255.00|115.00|181.00|5.00|
R470w10|18.00|0.00|4.00|0.00|0.00|0.00|0.00|0.00|0.00|0.00|0.00|0.00|0.00|4.00|0.00|
R470w5|25.00|12.00|26.00|0.00|0.00|0.00|0.00|0.00|0.00|0.00|22.00|0.00|4.00|0.00|0.00|
R47Kw1/2|6075.00|185.00|370.00|0.00|0.00|0.00|0.00|0.00|0.00|0.00|15.00|95.00|170.00|80.00|10.00|
R47Kw1/8-MS|4800.00|0.00|6.00|0.00|0.00|0.00|0.00|0.00|0.00|0.00|0.00|0.00|6.00|0.00|0.00|
R47w1/2|4835.00|65.00|345.00|0.00|0.00|0.00|0.00|0.00|0.00|0.00|15.00|275.00|25.00|25.00|5.00|
R47w25|174.00|21.00|21.00|0.00|0.00|0.00|0.00|0.00|0.00|0.00|0.00|0.00|0.00|20.00|1.00|
R5.6Kw1|796.00|12.00|1.00|0.00|0.00|0.00|0.00|0.00|0.00|0.00|0.00|0.00|0.00|1.00|0.00|
R5.6Kw1/2|4730.00|70.00|320.00|0.00|0.00|0.00|0.00|0.00|0.00|0.00|170.00|65.00|20.00|65.00|0.00|
R5.6Mw1/2|4130.00|25.00|10.00|0.00|0.00|0.00|0.00|0.00|0.00|0.00|5.00|0.00|5.00|0.00|0.00|
R5.6w1/2|2935.00|290.00|15.00|0.00|0.00|0.00|0.00|0.00|0.00|0.00|10.00|5.00|0.00|0.00|0.00|
R560Kw1/2|3245.00|40.00|65.00|0.00|0.00|0.00|0.00|0.00|0.00|0.00|25.00|20.00|15.00|5.00|0.00|
R560w1|504.00|164.00|17.00|0.00|0.00|0.00|0.00|0.00|0.00|0.00|12.00|3.00|0.00|2.00|0.00|
R560w1/2|7954.00|160.00|591.00|0.00|0.00|0.00|0.00|0.00|0.00|0.00|170.00|185.00|191.00|45.00|0.00|
R560w10|0.00|1.00|1.00|0.00|0.00|0.00|0.00|0.00|0.00|0.00|0.00|0.00|0.00|1.00|0.00|
R560w2|199.00|28.00|11.00|0.00|0.00|0.00|0.00|0.00|0.00|0.00|6.00|0.00|5.00|0.00|0.00|
R56Kw1|0.00|7.00|1.00|0.00|0.00|0.00|0.00|0.00|0.00|0.00|0.00|0.00|1.00|0.00|0.00|
R56Kw1/2|5985.00|150.00|110.00|0.00|0.00|0.00|0.00|0.00|0.00|0.00|30.00|20.00|45.00|10.00|5.00|
R56w1|604.00|15.00|2.00|0.00|0.00|0.00|0.00|0.00|0.00|0.00|0.00|2.00|0.00|0.00|0.00|
R56w1/2|5429.00|350.00|45.00|0.00|0.00|0.00|0.00|0.00|0.00|0.00|0.00|30.00|15.00|0.00|0.00|
R56w10|152.00|7.00|2.00|0.00|0.00|0.00|0.00|0.00|0.00|0.00|0.00|0.00|2.00|0.00|0.00|
R6.8Kw1/2|4765.00|155.00|310.00|0.00|0.00|0.00|0.00|0.00|0.00|0.00|15.00|260.00|25.00|10.00|0.00|
R6.8Mw1/2|3320.00|0.00|5.00|0.00|0.00|0.00|0.00|0.00|0.00|0.00|5.00|0.00|0.00|0.00|0.00|
R6.8w1/2|5675.00|80.00|40.00|0.00|0.00|0.00|0.00|0.00|0.00|0.00|20.00|5.00|15.00|0.00|0.00|
R680Kw1/2|1840.00|810.00|40.00|0.00|0.00|0.00|0.00|0.00|0.00|0.00|15.00|5.00|5.00|15.00|0.00|
R680w1/2|10280.00|95.00|215.00|0.00|0.00|0.00|0.00|0.00|0.00|0.00|55.00|80.00|50.00|25.00|5.00|
R680w2|463.00|3.00|4.00|0.00|0.00|0.00|0.00|0.00|0.00|0.00|2.00|2.00|0.00|0.00|0.00|
R68Kw1/2|3290.00|175.00|45.00|0.00|0.00|0.00|0.00|0.00|0.00|0.00|20.00|5.00|5.00|15.00|0.00|
R68w1/2|2685.00|30.00|80.00|0.00|0.00|0.00|0.00|0.00|0.00|0.00|35.00|15.00|15.00|10.00|5.00|
R68w5|10.00|8.00|4.00|0.00|0.00|0.00|0.00|0.00|0.00|0.00|0.00|0.00|0.00|4.00|0.00|
R8.2Kw1/2|3360.00|35.00|165.00|0.00|0.00|0.00|0.00|0.00|0.00|0.00|115.00|20.00|10.00|20.00|0.00|
R8.2Mw1/2|9235.00|20.00|15.00|0.00|0.00|0.00|0.00|0.00|0.00|0.00|15.00|0.00|0.00|0.00|0.00|
R8.2w1/2|5395.00|73.00|15.00|0.00|0.00|0.00|0.00|0.00|0.00|0.00|5.00|5.00|0.00|5.00|0.00|
R8.2w10|0.00|2.00|2.00|0.00|0.00|0.00|0.00|0.00|0.00|0.00|0.00|2.00|0.00|0.00|0.00|
R8.2w5|2.00|8.00|2.00|0.00|0.00|0.00|0.00|0.00|0.00|0.00|2.00|0.00|0.00|0.00|0.00|
R820Kw1/2|3190.00|85.00|10.00|0.00|0.00|0.00|0.00|0.00|0.00|0.00|10.00|0.00|0.00|0.00|0.00|
R820w1|537.00|175.00|12.00|0.00|0.00|0.00|0.00|0.00|0.00|0.00|12.00|0.00|0.00|0.00|0.00|
R820w1/2|8239.00|85.00|155.00|0.00|0.00|0.00|0.00|0.00|0.00|0.00|90.00|15.00|0.00|50.00|0.00|
R820w2|12.00|29.00|8.00|0.00|0.00|0.00|0.00|0.00|0.00|0.00|8.00|0.00|0.00|0.00|0.00|
R82Kw1/2|5630.00|185.00|50.00|0.00|0.00|0.00|0.00|0.00|0.00|0.00|15.00|0.00|25.00|10.00|0.00|
R82w1|449.00|7.00|2.00|0.00|0.00|0.00|0.00|0.00|0.00|0.00|0.00|2.00|0.00|0.00|0.00|
R82w1/2|2370.00|845.00|21.00|0.00|0.00|0.00|0.00|0.00|0.00|0.00|15.00|1.00|0.00|5.00|0.00|
R82w2|11.00|4.00|24.00|0.00|0.00|0.00|0.00|0.00|0.00|0.00|0.00|24.00|0.00|0.00|0.00|
REEDSWITCH|1862.00|9.00|1.00|0.00|0.00|0.00|0.00|0.00|0.00|0.00|0.00|0.00|0.00|1.00|0.00|
REEL12V|3.00|16.00|88.00|0.00|0.00|0.00|0.00|0.00|0.00|0.00|2.00|18.00|39.00|26.00|3.00|
REEL12V2P2T|0.00|0.00|2.00|0.00|0.00|0.00|0.00|0.00|0.00|0.00|2.00|0.00|0.00|0.00|0.00|
REEL5V|16.00|46.00|165.00|0.00|0.00|0.00|0.00|0.00|0.00|0.00|24.00|81.00|20.00|38.00|2.00|
REEL6V|45.00|30.00|4.00|0.00|0.00|0.00|0.00|0.00|0.00|0.00|0.00|2.00|1.00|0.00|1.00|
REELAUTOM-12V|7.00|55.00|7.00|0.00|0.00|0.00|0.00|0.00|0.00|0.00|0.00|2.00|5.00|0.00|0.00|
RESORTE|147.00|20.00|1.00|0.00|0.00|0.00|0.00|0.00|0.00|0.00|0.00|1.00|0.00|0.00|0.00|
RONDANA|613.00|0.00|44.00|0.00|0.00|0.00|0.00|0.00|0.00|0.00|0.00|27.00|17.00|0.00|0.00|
RP-1.21K|37.00|0.00|5.00|0.00|0.00|0.00|0.00|0.00|0.00|0.00|0.00|0.00|5.00|0.00|0.00|
RP-5.1K|0.00|14.00|19.00|0.00|0.00|0.00|0.00|0.00|0.00|0.00|0.00|0.00|9.00|5.00|5.00|
RP-50|20.00|16.00|5.00|0.00|0.00|0.00|0.00|0.00|0.00|0.00|0.00|0.00|5.00|0.00|0.00|
RUEDALOCA|19.00|0.00|1.00|0.00|0.00|0.00|0.00|0.00|0.00|0.00|0.00|1.00|0.00|0.00|0.00|
RUEDALOCAGDE|20.00|2.00|15.00|0.00|0.00|0.00|0.00|0.00|0.00|0.00|0.00|3.00|8.00|4.00|0.00|
S6025L|0.00|2.00|6.00|0.00|0.00|0.00|0.00|0.00|0.00|0.00|0.00|0.00|4.00|2.00|0.00|
SENSOR-DECOLOR|26.00|3.00|3.00|0.00|0.00|0.00|0.00|0.00|0.00|0.00|0.00|1.00|0.00|2.00|0.00|
SENSOR-DEFUERZA|12.00|0.00|4.00|0.00|0.00|0.00|0.00|0.00|0.00|0.00|0.00|3.00|1.00|0.00|0.00|
SENSOR-DELLUVIA|0.00|2.00|2.00|0.00|0.00|0.00|0.00|0.00|0.00|0.00|0.00|0.00|0.00|1.00|1.00|
SENSOR-DELUZ|54.00|1.00|2.00|0.00|0.00|0.00|0.00|0.00|0.00|0.00|0.00|0.00|0.00|2.00|0.00|
SENSOR-FLUJODEAGUA|0.00|0.00|1.00|0.00|0.00|0.00|0.00|0.00|0.00|0.00|0.00|0.00|0.00|1.00|0.00|
SENSOR-HALL|43.00|3.00|8.00|0.00|0.00|0.00|0.00|0.00|0.00|0.00|0.00|2.00|2.00|3.00|1.00|
SENSOR-HUELLAR305|1.00|0.00|1.00|0.00|0.00|0.00|0.00|0.00|0.00|0.00|1.00|0.00|0.00|0.00|0.00|
SENSOR-HUMEDAD|55.00|3.00|1.00|0.00|0.00|0.00|0.00|0.00|0.00|0.00|0.00|0.00|0.00|1.00|0.00|
SENSOR-HUMEDADYTEMP|39.00|10.00|5.00|0.00|0.00|0.00|0.00|0.00|0.00|0.00|0.00|1.00|1.00|3.00|0.00|
SENSOR-INDUCTIVO|10.00|3.00|2.00|0.00|0.00|0.00|0.00|0.00|0.00|0.00|0.00|0.00|0.00|2.00|0.00|
SENSOR-INFRARROJO|94.00|0.00|6.00|0.00|0.00|0.00|0.00|0.00|0.00|0.00|0.00|1.00|0.00|5.00|0.00|
SENSOR-PIR|49.00|9.00|5.00|0.00|0.00|0.00|0.00|0.00|0.00|0.00|0.00|0.00|2.00|3.00|0.00|
SENSOR-PROXIMIDAD|5.00|3.00|3.00|0.00|0.00|0.00|0.00|0.00|0.00|0.00|0.00|2.00|0.00|0.00|1.00|
SENSOR-SONIDO|52.00|0.00|2.00|0.00|0.00|0.00|0.00|0.00|0.00|0.00|1.00|0.00|0.00|1.00|0.00|
SENSOR-ULTRASONICO|95.00|9.00|34.00|0.00|0.00|0.00|0.00|0.00|0.00|0.00|0.00|6.00|16.00|12.00|0.00|
SEPARADORB|561.00|23.00|34.00|0.00|0.00|0.00|0.00|0.00|0.00|0.00|12.00|0.00|14.00|4.00|4.00|
SERVOMG-945|40.00|2.00|12.00|0.00|0.00|0.00|0.00|0.00|0.00|0.00|0.00|4.00|1.00|7.00|0.00|
SERVOMG-995|0.00|0.00|2.00|0.00|0.00|0.00|0.00|0.00|0.00|0.00|0.00|0.00|0.00|2.00|0.00|
SERVOMG-996|0.00|0.00|1.00|0.00|0.00|0.00|0.00|0.00|0.00|0.00|0.00|1.00|0.00|0.00|0.00|
SH3561A|0.00|0.00|1.00|0.00|0.00|0.00|0.00|0.00|0.00|0.00|0.00|0.00|0.00|1.00|0.00|
SHIELD-ETHERNET|20.00|0.00|1.00|0.00|0.00|0.00|0.00|0.00|0.00|0.00|0.00|0.00|1.00|0.00|0.00|
SHIELIMPRESORA3D|6.00|2.00|4.00|0.00|0.00|0.00|0.00|0.00|0.00|0.00|0.00|0.00|2.00|2.00|0.00|
SINTRA3MM20X30|0.00|0.00|11.00|0.00|0.00|0.00|0.00|0.00|0.00|0.00|1.00|2.00|6.00|2.00|0.00|
SOLDADURA|303.50|64.00|83.00|0.00|0.00|0.00|0.00|0.00|0.00|0.00|5.00|20.00|23.00|29.00|6.00|
SOQUETBAYONETA|20.00|9.00|69.00|0.00|0.00|0.00|0.00|0.00|0.00|0.00|23.00|25.00|10.00|8.00|3.00|
SOQUETBLANCO|85.00|12.00|53.00|0.00|0.00|0.00|0.00|0.00|0.00|0.00|20.00|10.00|8.00|15.00|0.00|
SOQUETFOCO7.5W|184.00|27.00|26.00|0.00|0.00|0.00|0.00|0.00|0.00|0.00|1.00|3.00|18.00|4.00|0.00|
SOQUETPLASTICO|0.00|0.00|2.00|0.00|0.00|0.00|0.00|0.00|0.00|0.00|0.00|2.00|0.00|0.00|0.00|
SUJETADOR-10|108.00|26.00|98.00|0.00|0.00|0.00|0.00|0.00|0.00|0.00|0.00|4.00|50.00|20.00|24.00|
SUJETADOR-20|87.00|13.00|155.00|0.00|0.00|0.00|0.00|0.00|0.00|0.00|3.00|16.00|58.00|76.00|2.00|
TALADROMANUAL|8.00|0.00|2.00|0.00|0.00|0.00|0.00|0.00|0.00|0.00|0.00|0.00|0.00|2.00|0.00|
TCRT5000|36.00|0.00|4.00|0.00|0.00|0.00|0.00|0.00|0.00|0.00|0.00|1.00|0.00|1.00|2.00|
TECLADOMEM|87.00|9.00|9.00|0.00|0.00|0.00|0.00|0.00|0.00|0.00|1.00|1.00|2.00|5.00|0.00|
TERMISTOR100K|548.00|5.00|29.00|0.00|0.00|0.00|0.00|0.00|0.00|0.00|1.00|11.00|6.00|11.00|0.00|
TERMISTOR10K|423.00|77.00|125.00|0.00|0.00|0.00|0.00|0.00|0.00|0.00|13.00|87.00|22.00|3.00|0.00|
TERMOPAR-K|0.00|2.00|2.00|0.00|0.00|0.00|0.00|0.00|0.00|0.00|1.00|1.00|0.00|0.00|0.00|
THERMOFIT1/4|171.00|0.00|29.00|0.00|0.00|0.00|0.00|0.00|0.00|0.00|3.00|11.00|7.00|8.00|0.00|
THERMOFIT1/8|155.50|0.00|20.00|0.00|0.00|0.00|0.00|0.00|0.00|0.00|0.00|4.00|8.00|8.00|0.00|
THERMOFIT3/16|8.00|0.00|2.00|0.00|0.00|0.00|0.00|0.00|0.00|0.00|0.00|0.00|0.00|2.00|0.00|
THERMOFIT3/32|45.50|0.00|29.00|0.00|0.00|0.00|0.00|0.00|0.00|0.00|9.00|5.50|4.00|10.00|0.50|
TIC106|27.00|40.00|19.00|0.00|0.00|0.00|0.00|0.00|0.00|0.00|0.00|0.00|0.00|19.00|0.00|
TIC116|2.00|13.00|3.00|0.00|0.00|0.00|0.00|0.00|0.00|0.00|0.00|0.00|0.00|3.00|0.00|
TIC226|0.00|1.00|2.00|0.00|0.00|0.00|0.00|0.00|0.00|0.00|0.00|0.00|2.00|0.00|0.00|
TIC246|0.00|11.00|1.00|0.00|0.00|0.00|0.00|0.00|0.00|0.00|0.00|0.00|1.00|0.00|0.00|
TIP100|79.00|50.00|4.00|0.00|0.00|0.00|0.00|0.00|0.00|0.00|0.00|4.00|0.00|0.00|0.00|
TIP102|4.00|0.00|4.00|0.00|0.00|0.00|0.00|0.00|0.00|0.00|0.00|0.00|4.00|0.00|0.00|
TIP110|48.00|8.00|3.00|0.00|0.00|0.00|0.00|0.00|0.00|0.00|0.00|1.00|0.00|2.00|0.00|
TIP112|0.00|1.00|1.00|0.00|0.00|0.00|0.00|0.00|0.00|0.00|0.00|0.00|0.00|1.00|0.00|
TIP120|0.00|46.00|23.00|0.00|0.00|0.00|0.00|0.00|0.00|0.00|0.00|7.00|7.00|9.00|0.00|
TIP122|40.00|15.00|1.00|0.00|0.00|0.00|0.00|0.00|0.00|0.00|1.00|0.00|0.00|0.00|0.00|
TIP125|3.00|32.00|23.00|0.00|0.00|0.00|0.00|0.00|0.00|0.00|0.00|4.00|0.00|19.00|0.00|
TIP127|33.00|20.00|6.00|0.00|0.00|0.00|0.00|0.00|0.00|0.00|0.00|1.00|2.00|3.00|0.00|
TIP142-TO218|38.00|5.00|1.00|0.00|0.00|0.00|0.00|0.00|0.00|0.00|0.00|0.00|1.00|0.00|0.00|
TIP142-TO220|0.00|0.00|5.00|0.00|0.00|0.00|0.00|0.00|0.00|0.00|0.00|4.00|1.00|0.00|0.00|
TIP31|471.00|45.00|78.00|0.00|0.00|0.00|0.00|0.00|0.00|0.00|3.00|30.00|11.00|32.00|2.00|
TIP32|183.00|51.00|32.00|0.00|0.00|0.00|0.00|0.00|0.00|0.00|2.00|5.00|8.00|17.00|0.00|
TIP35C|30.00|5.00|8.00|0.00|0.00|0.00|0.00|0.00|0.00|0.00|0.00|2.00|5.00|1.00|0.00|
TIP36C|2.00|4.00|3.00|0.00|0.00|0.00|0.00|0.00|0.00|0.00|0.00|1.00|2.00|0.00|0.00|
TIP41|316.00|39.00|325.00|0.00|0.00|0.00|0.00|0.00|0.00|0.00|12.00|151.00|99.00|62.00|1.00|
TIP42|236.00|51.00|90.00|0.00|0.00|0.00|0.00|0.00|0.00|0.00|4.00|61.00|10.00|15.00|0.00|
TIRALEDR|7.80|5.00|1.10|0.00|0.00|0.00|0.00|0.00|0.00|0.00|0.00|0.00|0.00|0.80|0.30|
TL071|246.00|8.00|13.00|0.00|0.00|0.00|0.00|0.00|0.00|0.00|0.00|0.00|10.00|3.00|0.00|
TL072|67.00|7.00|4.00|0.00|0.00|0.00|0.00|0.00|0.00|0.00|0.00|0.00|3.00|1.00|0.00|
TL081|233.00|10.00|1.00|0.00|0.00|0.00|0.00|0.00|0.00|0.00|0.00|0.00|1.00|0.00|0.00|
TL082|178.00|3.00|2.00|0.00|0.00|0.00|0.00|0.00|0.00|0.00|0.00|0.00|2.00|0.00|0.00|
TL084|570.00|11.00|2.00|0.00|0.00|0.00|0.00|0.00|0.00|0.00|0.00|0.00|0.00|2.00|0.00|
TORNILLO1-1/2"|410.00|32.00|6.00|0.00|0.00|0.00|0.00|0.00|0.00|0.00|0.00|0.00|0.00|6.00|0.00|
TORNILLO1/2|661.00|0.00|59.00|0.00|0.00|0.00|0.00|0.00|0.00|0.00|20.00|27.00|4.00|8.00|0.00|
TORNILLO3/4|789.00|0.00|16.00|0.00|0.00|0.00|0.00|0.00|0.00|0.00|2.00|2.00|12.00|0.00|0.00|
TRA12V1A|24.00|8.00|47.00|0.00|0.00|0.00|0.00|0.00|0.00|0.00|26.00|14.00|2.00|4.00|1.00|
TRA12V2A|55.00|1.00|4.00|0.00|0.00|0.00|0.00|0.00|0.00|0.00|4.00|0.00|0.00|0.00|0.00|
TRA12V500mA|18.00|0.00|4.00|0.00|0.00|0.00|0.00|0.00|0.00|0.00|0.00|2.00|0.00|2.00|0.00|
TRA18V2A|19.00|0.00|1.00|0.00|0.00|0.00|0.00|0.00|0.00|0.00|0.00|0.00|1.00|0.00|0.00|
TRA24V1A|12.00|2.00|42.00|0.00|0.00|0.00|0.00|0.00|0.00|0.00|16.00|8.00|13.00|3.00|2.00|
TRA24V2A|52.00|4.00|3.00|0.00|0.00|0.00|0.00|0.00|0.00|0.00|1.00|2.00|0.00|0.00|0.00|
TRA24V500mA|12.00|1.00|1.00|0.00|0.00|0.00|0.00|0.00|0.00|0.00|0.00|0.00|1.00|0.00|0.00|
TRA30V2A|3.00|0.00|2.00|0.00|0.00|0.00|0.00|0.00|0.00|0.00|0.00|1.00|0.00|1.00|0.00|
TRA6V300mA|0.00|0.00|2.00|0.00|0.00|0.00|0.00|0.00|0.00|0.00|0.00|2.00|0.00|0.00|0.00|
TRA9V1A|5.00|0.00|9.00|0.00|0.00|0.00|0.00|0.00|0.00|0.00|2.00|6.00|1.00|0.00|0.00|
TRIM100K|5.00|5.00|10.00|0.00|0.00|0.00|0.00|0.00|0.00|0.00|0.00|3.00|4.00|3.00|0.00|
TRIM10K|28.00|13.00|19.00|0.00|0.00|0.00|0.00|0.00|0.00|0.00|1.00|1.00|5.00|12.00|0.00|
TRIM1K|81.00|23.00|25.00|0.00|0.00|0.00|0.00|0.00|0.00|0.00|0.00|4.00|20.00|1.00|0.00|
TRIM20K|212.00|4.00|3.00|0.00|0.00|0.00|0.00|0.00|0.00|0.00|1.00|2.00|0.00|0.00|0.00|
TRIM50K|154.00|0.00|2.00|0.00|0.00|0.00|0.00|0.00|0.00|0.00|0.00|1.00|0.00|1.00|0.00|
TRIM5K|12.00|14.00|20.00|0.00|0.00|0.00|0.00|0.00|0.00|0.00|0.00|13.00|7.00|0.00|0.00|
TSOLDADURA|64.00|4.00|58.00|0.00|0.00|0.00|0.00|0.00|0.00|0.00|7.00|12.00|12.00|24.00|3.00|
TSOP1738|0.00|0.00|1.00|0.00|0.00|0.00|0.00|0.00|0.00|0.00|0.00|0.00|1.00|0.00|0.00|
TUERCAMETAL1/4|0.00|62.00|12.00|0.00|0.00|0.00|0.00|0.00|0.00|0.00|0.00|0.00|4.00|8.00|0.00|
TUERCAMETAL1/8|971.00|0.00|31.00|0.00|0.00|0.00|0.00|0.00|0.00|0.00|22.00|9.00|0.00|0.00|0.00|
UF4007|14.00|0.00|12.00|0.00|0.00|0.00|0.00|0.00|0.00|0.00|0.00|0.00|8.00|4.00|0.00|
ULN2003|120.00|3.00|2.00|0.00|0.00|0.00|0.00|0.00|0.00|0.00|0.00|0.00|2.00|0.00|0.00|
ULN2803|78.00|1.00|3.00|0.00|0.00|0.00|0.00|0.00|0.00|0.00|0.00|0.00|0.00|2.00|1.00|
USBHEMBRA-A|74.00|6.00|5.00|0.00|0.00|0.00|0.00|0.00|0.00|0.00|1.00|0.00|2.00|2.00|0.00|
USBHEMBRA-B|192.00|14.00|2.00|0.00|0.00|0.00|0.00|0.00|0.00|0.00|0.00|0.00|2.00|0.00|0.00|
VENTILADOR12V|(null)|3.00|7.00|0.00|0.00|0.00|0.00|0.00|0.00|0.00|0.00|0.00|5.00|1.00|1.00|
VENTILADOR5V|478.00|6.00|6.00|0.00|0.00|0.00|0.00|0.00|0.00|0.00|2.00|1.00|0.00|3.00|0.00|
VERNIER|14.00|2.00|7.00|0.00|0.00|0.00|0.00|0.00|0.00|0.00|4.00|2.00|0.00|1.00|0.00|
VOLTIMETRODIGITAL|141.00|28.00|28.00|0.00|0.00|0.00|0.00|0.00|0.00|0.00|0.00|11.00|10.00|4.00|3.00|
ZAPATA-AZUL3/16|813.00|62.00|26.00|0.00|0.00|0.00|0.00|0.00|0.00|0.00|0.00|24.00|0.00|2.00|0.00|
ZAPATAHEMBRA|20.00|18.00|59.00|0.00|0.00|0.00|0.00|0.00|0.00|0.00|22.00|23.00|6.00|8.00|0.00|
