cveproducto|ExistenciaMatriz|ExistenciaExpendio|VentaTotal|1|2|3|4|5|6|7|8|9|10|11|12|Producto|
1N4001|388.00|21.00|449.00|12.00|137.00|101.00|44.00|154.00|1.00|0.00|0.00|0.00|0.00|0.00|0.00|
1N4002|532.00|28.00|107.00|10.00|9.00|44.00|8.00|36.00|0.00|0.00|0.00|0.00|0.00|0.00|0.00|
1N4003|2046.00|49.00|113.00|14.00|47.00|18.00|11.00|23.00|0.00|0.00|0.00|0.00|0.00|0.00|0.00|
1N4004|453.00|44.00|617.00|3.00|143.00|330.00|106.00|35.00|0.00|0.00|0.00|0.00|0.00|0.00|0.00|
1N4005|506.00|17.00|34.00|0.00|9.00|15.00|6.00|4.00|0.00|0.00|0.00|0.00|0.00|0.00|0.00|
1N4006|445.00|50.00|28.00|0.00|10.00|3.00|0.00|15.00|0.00|0.00|0.00|0.00|0.00|0.00|0.00|
1N4007|848.00|260.00|406.00|31.00|25.00|37.00|80.00|231.00|2.00|0.00|0.00|0.00|0.00|0.00|0.00|
1N4148|603.00|264.00|182.00|53.00|38.00|26.00|1.00|64.00|0.00|0.00|0.00|0.00|0.00|0.00|0.00|
1N4448|10.00|0.00|11.00|8.00|0.00|0.00|0.00|3.00|0.00|0.00|0.00|0.00|0.00|0.00|0.00|
1N5400|109.00|29.00|17.00|0.00|3.00|14.00|0.00|0.00|0.00|0.00|0.00|0.00|0.00|0.00|0.00|
1N5401|280.00|1.00|2.00|0.00|0.00|2.00|0.00|0.00|0.00|0.00|0.00|0.00|0.00|0.00|0.00|
1N5404|0.00|1.00|8.00|0.00|0.00|2.00|0.00|6.00|0.00|0.00|0.00|0.00|0.00|0.00|0.00|
1N5407|37.00|6.00|2.00|0.00|0.00|2.00|0.00|0.00|0.00|0.00|0.00|0.00|0.00|0.00|0.00|
1N5408|15.00|0.00|12.00|0.00|2.00|10.00|0.00|0.00|0.00|0.00|0.00|0.00|0.00|0.00|0.00|
1N5817|13.00|13.00|1.00|0.00|0.00|1.00|0.00|0.00|0.00|0.00|0.00|0.00|0.00|0.00|0.00|
1N60|445.00|48.00|39.00|0.00|0.00|36.00|0.00|3.00|0.00|0.00|0.00|0.00|0.00|0.00|0.00|
28C16|6.00|10.00|3.00|0.00|2.00|1.00|0.00|0.00|0.00|0.00|0.00|0.00|0.00|0.00|0.00|
2N2222A|0.00|18.00|14.00|4.00|6.00|0.00|0.00|4.00|0.00|0.00|0.00|0.00|0.00|0.00|0.00|
2N2905A|17.00|10.00|16.00|0.00|0.00|5.00|2.00|9.00|0.00|0.00|0.00|0.00|0.00|0.00|0.00|
2N2907A|7.00|7.00|12.00|0.00|0.00|5.00|2.00|5.00|0.00|0.00|0.00|0.00|0.00|0.00|0.00|
2N3055|27.00|1.00|4.00|0.00|0.00|2.00|0.00|2.00|0.00|0.00|0.00|0.00|0.00|0.00|0.00|
2N3904|1038.00|28.00|156.00|9.00|2.00|26.00|58.00|61.00|0.00|0.00|0.00|0.00|0.00|0.00|0.00|
2N3905|74.00|73.00|3.00|0.00|0.00|0.00|0.00|3.00|0.00|0.00|0.00|0.00|0.00|0.00|0.00|
2N3906|1039.00|31.00|62.00|3.00|2.00|2.00|40.00|15.00|0.00|0.00|0.00|0.00|0.00|0.00|0.00|
2N4402|2.00|1.00|18.00|0.00|0.00|0.00|0.00|18.00|0.00|0.00|0.00|0.00|0.00|0.00|0.00|
2N5061|2.00|16.00|1.00|0.00|1.00|0.00|0.00|0.00|0.00|0.00|0.00|0.00|0.00|0.00|0.00|
2N5550|3.00|1.00|2.00|0.00|2.00|0.00|0.00|0.00|0.00|0.00|0.00|0.00|0.00|0.00|0.00|
2N6071|65.00|25.00|17.00|0.00|0.00|0.00|0.00|17.00|0.00|0.00|0.00|0.00|0.00|0.00|0.00|
2N6075|151.00|20.00|5.00|1.00|0.00|4.00|0.00|0.00|0.00|0.00|0.00|0.00|0.00|0.00|0.00|
2N6344|13.00|54.00|14.00|0.00|0.00|4.00|10.00|0.00|0.00|0.00|0.00|0.00|0.00|0.00|0.00|
2SD880|2.00|0.00|1.00|0.00|0.00|0.00|1.00|0.00|0.00|0.00|0.00|0.00|0.00|0.00|0.00|
4013|83.00|0.00|1.00|0.00|0.00|0.00|0.00|1.00|0.00|0.00|0.00|0.00|0.00|0.00|0.00|
4017|399.00|38.00|17.00|0.00|1.00|7.00|6.00|3.00|0.00|0.00|0.00|0.00|0.00|0.00|0.00|
4026|10.00|6.00|1.00|0.00|0.00|0.00|0.00|1.00|0.00|0.00|0.00|0.00|0.00|0.00|0.00|
4027|-1.00|0.00|2.00|0.00|2.00|0.00|0.00|0.00|0.00|0.00|0.00|0.00|0.00|0.00|0.00|
4043|0.00|18.00|1.00|0.00|0.00|1.00|0.00|0.00|0.00|0.00|0.00|0.00|0.00|0.00|0.00|
4051|32.00|13.00|2.00|0.00|0.00|0.00|0.00|2.00|0.00|0.00|0.00|0.00|0.00|0.00|0.00|
4072|230.00|2.00|4.00|0.00|0.00|0.00|0.00|4.00|0.00|0.00|0.00|0.00|0.00|0.00|0.00|
4075|96.00|11.00|20.00|0.00|1.00|14.00|2.00|3.00|0.00|0.00|0.00|0.00|0.00|0.00|0.00|
4093|86.00|1.00|6.00|0.00|0.00|0.00|2.00|4.00|0.00|0.00|0.00|0.00|0.00|0.00|0.00|
4543|7.00|2.00|4.00|0.00|0.00|0.00|0.00|4.00|0.00|0.00|0.00|0.00|0.00|0.00|0.00|
4N25|309.00|33.00|67.00|13.00|3.00|2.00|16.00|33.00|0.00|0.00|0.00|0.00|0.00|0.00|0.00|
4N26|4.00|16.00|2.00|1.00|0.00|0.00|0.00|1.00|0.00|0.00|0.00|0.00|0.00|0.00|0.00|
4N32|0.00|6.00|1.00|0.00|0.00|1.00|0.00|0.00|0.00|0.00|0.00|0.00|0.00|0.00|0.00|
4N33|108.00|16.00|6.00|3.00|0.00|0.00|2.00|1.00|0.00|0.00|0.00|0.00|0.00|0.00|0.00|
4N35|97.00|10.00|5.00|0.00|0.00|0.00|4.00|1.00|0.00|0.00|0.00|0.00|0.00|0.00|0.00|
7400|0.00|0.00|1.00|0.00|0.00|0.00|1.00|0.00|0.00|0.00|0.00|0.00|0.00|0.00|0.00|
74HC00|41.00|0.00|2.00|0.00|2.00|0.00|0.00|0.00|0.00|0.00|0.00|0.00|0.00|0.00|0.00|
74HC02|45.00|0.00|1.00|1.00|0.00|0.00|0.00|0.00|0.00|0.00|0.00|0.00|0.00|0.00|0.00|
74HC08|49.00|0.00|1.00|1.00|0.00|0.00|0.00|0.00|0.00|0.00|0.00|0.00|0.00|0.00|0.00|
74HC245|125.00|8.00|2.00|2.00|0.00|0.00|0.00|0.00|0.00|0.00|0.00|0.00|0.00|0.00|0.00|
74HC266|1.00|0.00|2.00|0.00|2.00|0.00|0.00|0.00|0.00|0.00|0.00|0.00|0.00|0.00|0.00|
74HC595|155.00|1.00|1.00|0.00|1.00|0.00|0.00|0.00|0.00|0.00|0.00|0.00|0.00|0.00|0.00|
74HC85|0.00|0.00|2.00|0.00|2.00|0.00|0.00|0.00|0.00|0.00|0.00|0.00|0.00|0.00|0.00|
74HC86|28.00|1.00|2.00|0.00|2.00|0.00|0.00|0.00|0.00|0.00|0.00|0.00|0.00|0.00|0.00|
74LS00|294.00|112.00|157.00|10.00|94.00|25.00|13.00|15.00|0.00|0.00|0.00|0.00|0.00|0.00|0.00|
74LS02|350.00|123.00|174.00|15.00|107.00|21.00|22.00|9.00|0.00|0.00|0.00|0.00|0.00|0.00|0.00|
74LS04|2026.00|76.00|502.00|82.00|172.00|123.00|77.00|48.00|0.00|0.00|0.00|0.00|0.00|0.00|0.00|
74LS06|32.00|31.00|2.00|0.00|2.00|0.00|0.00|0.00|0.00|0.00|0.00|0.00|0.00|0.00|0.00|
74LS07|1.00|4.00|2.00|0.00|2.00|0.00|0.00|0.00|0.00|0.00|0.00|0.00|0.00|0.00|0.00|
74LS08|1749.00|58.00|645.00|82.00|186.00|207.00|112.00|58.00|0.00|0.00|0.00|0.00|0.00|0.00|0.00|
74LS10|185.00|34.00|81.00|17.00|60.00|4.00|0.00|0.00|0.00|0.00|0.00|0.00|0.00|0.00|0.00|
74LS11|19.00|32.00|132.00|15.00|49.00|27.00|11.00|30.00|0.00|0.00|0.00|0.00|0.00|0.00|0.00|
74LS112|251.00|5.00|11.00|0.00|2.00|4.00|2.00|3.00|0.00|0.00|0.00|0.00|0.00|0.00|0.00|
74LS125|68.00|10.00|1.00|0.00|0.00|1.00|0.00|0.00|0.00|0.00|0.00|0.00|0.00|0.00|0.00|
74LS138|237.00|41.00|10.00|0.00|0.00|8.00|0.00|2.00|0.00|0.00|0.00|0.00|0.00|0.00|0.00|
74LS14|25.00|0.00|7.00|0.00|6.00|1.00|0.00|0.00|0.00|0.00|0.00|0.00|0.00|0.00|0.00|
74LS147|145.00|12.00|9.00|0.00|2.00|0.00|1.00|6.00|0.00|0.00|0.00|0.00|0.00|0.00|0.00|
74LS148|12.00|27.00|1.00|0.00|1.00|0.00|0.00|0.00|0.00|0.00|0.00|0.00|0.00|0.00|0.00|
74LS153|137.00|12.00|6.00|0.00|0.00|0.00|1.00|5.00|0.00|0.00|0.00|0.00|0.00|0.00|0.00|
74LS154|35.00|10.00|7.00|0.00|0.00|7.00|0.00|0.00|0.00|0.00|0.00|0.00|0.00|0.00|0.00|
74LS156|58.00|11.00|6.00|0.00|0.00|0.00|1.00|5.00|0.00|0.00|0.00|0.00|0.00|0.00|0.00|
74LS157|133.00|45.00|1.00|0.00|0.00|0.00|0.00|1.00|0.00|0.00|0.00|0.00|0.00|0.00|0.00|
74LS169|18.00|0.00|4.00|0.00|0.00|4.00|0.00|0.00|0.00|0.00|0.00|0.00|0.00|0.00|0.00|
74LS190|117.00|43.00|3.00|0.00|0.00|1.00|1.00|1.00|0.00|0.00|0.00|0.00|0.00|0.00|0.00|
74LS192|187.00|12.00|43.00|0.00|0.00|12.00|16.00|15.00|0.00|0.00|0.00|0.00|0.00|0.00|0.00|
74LS193|255.00|12.00|12.00|0.00|0.00|2.00|7.00|3.00|0.00|0.00|0.00|0.00|0.00|0.00|0.00|
74LS194|23.00|15.00|4.00|0.00|0.00|4.00|0.00|0.00|0.00|0.00|0.00|0.00|0.00|0.00|0.00|
74LS20|303.00|37.00|1.00|0.00|1.00|0.00|0.00|0.00|0.00|0.00|0.00|0.00|0.00|0.00|0.00|
74LS21|105.00|29.00|98.00|10.00|47.00|34.00|7.00|0.00|0.00|0.00|0.00|0.00|0.00|0.00|0.00|
74LS241|12.00|3.00|5.00|0.00|0.00|5.00|0.00|0.00|0.00|0.00|0.00|0.00|0.00|0.00|0.00|
74LS244|40.00|9.00|1.00|0.00|1.00|0.00|0.00|0.00|0.00|0.00|0.00|0.00|0.00|0.00|0.00|
74LS259|2.00|4.00|1.00|0.00|0.00|1.00|0.00|0.00|0.00|0.00|0.00|0.00|0.00|0.00|0.00|
74LS260|1.00|3.00|1.00|0.00|1.00|0.00|0.00|0.00|0.00|0.00|0.00|0.00|0.00|0.00|0.00|
74LS266|44.00|30.00|88.00|11.00|71.00|3.00|2.00|1.00|0.00|0.00|0.00|0.00|0.00|0.00|0.00|
74LS279|81.00|24.00|6.00|4.00|1.00|1.00|0.00|0.00|0.00|0.00|0.00|0.00|0.00|0.00|0.00|
74LS32|1320.00|61.00|598.00|84.00|151.00|173.00|124.00|66.00|0.00|0.00|0.00|0.00|0.00|0.00|0.00|
74LS373|63.00|7.00|2.00|0.00|0.00|2.00|0.00|0.00|0.00|0.00|0.00|0.00|0.00|0.00|0.00|
74LS374|200.00|5.00|2.00|0.00|2.00|0.00|0.00|0.00|0.00|0.00|0.00|0.00|0.00|0.00|0.00|
74LS47|517.00|34.00|135.00|2.00|2.00|51.00|40.00|39.00|1.00|0.00|0.00|0.00|0.00|0.00|0.00|
74LS48|134.00|30.00|27.00|0.00|6.00|17.00|0.00|3.00|1.00|0.00|0.00|0.00|0.00|0.00|0.00|
74LS73|220.00|35.00|22.00|1.00|0.00|14.00|3.00|4.00|0.00|0.00|0.00|0.00|0.00|0.00|0.00|
74LS74|42.00|47.00|14.00|4.00|0.00|0.00|4.00|6.00|0.00|0.00|0.00|0.00|0.00|0.00|0.00|
74LS76|328.00|42.00|5.00|0.00|0.00|0.00|2.00|3.00|0.00|0.00|0.00|0.00|0.00|0.00|0.00|
74LS83|58.00|13.00|5.00|0.00|0.00|0.00|3.00|2.00|0.00|0.00|0.00|0.00|0.00|0.00|0.00|
74LS85|41.00|8.00|8.00|0.00|1.00|7.00|0.00|0.00|0.00|0.00|0.00|0.00|0.00|0.00|0.00|
74LS86|281.00|113.00|173.00|4.00|77.00|73.00|17.00|2.00|0.00|0.00|0.00|0.00|0.00|0.00|0.00|
74LS90|258.00|22.00|55.00|0.00|1.00|4.00|27.00|22.00|1.00|0.00|0.00|0.00|0.00|0.00|0.00|
A1011|3.00|8.00|1.00|0.00|0.00|0.00|0.00|0.00|1.00|0.00|0.00|0.00|0.00|0.00|0.00|
ACELEROMETROYGIRO|40.00|5.00|5.00|3.00|0.00|1.00|0.00|1.00|0.00|0.00|0.00|0.00|0.00|0.00|0.00|
ACOPLADOR|41.00|6.00|1.00|0.00|0.00|1.00|0.00|0.00|0.00|0.00|0.00|0.00|0.00|0.00|0.00|
AD590JH|34.00|0.00|2.00|0.00|0.00|2.00|0.00|0.00|0.00|0.00|0.00|0.00|0.00|0.00|0.00|
AD620|155.00|0.00|2.00|0.00|0.00|2.00|0.00|0.00|0.00|0.00|0.00|0.00|0.00|0.00|0.00|
ADC0804|6.00|18.00|44.00|0.00|1.00|0.00|1.00|42.00|0.00|0.00|0.00|0.00|0.00|0.00|0.00|
ALAMBRE1|0.00|0.00|13.00|10.00|1.00|0.00|0.00|0.00|2.00|0.00|0.00|0.00|0.00|0.00|0.00|
ALAMBRE12-NEGRO|0.00|11.00|1.00|0.00|0.00|0.00|0.00|1.00|0.00|0.00|0.00|0.00|0.00|0.00|0.00|
ALAMBRE2|356.00|54.00|3139.00|333.00|873.00|814.00|523.00|573.00|23.00|0.00|0.00|0.00|0.00|0.00|0.00|
APAGADOR|109.00|2.00|5.00|0.00|3.00|1.00|1.00|0.00|0.00|0.00|0.00|0.00|0.00|0.00|0.00|
ARDUINO-MEGA|52.00|10.00|4.00|1.00|2.00|1.00|0.00|0.00|0.00|0.00|0.00|0.00|0.00|0.00|0.00|
ARDUINO-NANO|36.00|14.00|5.00|0.00|0.00|1.00|2.00|2.00|0.00|0.00|0.00|0.00|0.00|0.00|0.00|
ARDUINO-UNO|116.00|5.00|55.00|1.00|12.00|5.00|13.00|24.00|0.00|0.00|0.00|0.00|0.00|0.00|0.00|
ATMEGA328|143.00|3.00|14.00|0.00|1.00|0.00|11.00|2.00|0.00|0.00|0.00|0.00|0.00|0.00|0.00|
BA3822|0.00|0.00|9.00|0.00|0.00|0.00|0.00|9.00|0.00|0.00|0.00|0.00|0.00|0.00|0.00|
BALERO|0.00|0.00|9.00|0.00|2.00|2.00|3.00|0.00|2.00|0.00|0.00|0.00|0.00|0.00|0.00|
BANANANEGRA|-1.00|0.00|34.00|0.00|0.00|27.00|2.00|5.00|0.00|0.00|0.00|0.00|0.00|0.00|0.00|
BANANAROJA|4.00|2.00|33.00|0.00|0.00|28.00|1.00|4.00|0.00|0.00|0.00|0.00|0.00|0.00|0.00|
BANDADENTADA|(null)|1.00|1.00|0.00|0.00|0.00|1.00|0.00|0.00|0.00|0.00|0.00|0.00|0.00|0.00|
BARRALEDS-R10|145.00|22.00|7.00|0.00|1.00|2.00|1.00|3.00|0.00|0.00|0.00|0.00|0.00|0.00|0.00|
BARRALEDS-V10|50.00|17.00|13.00|0.00|5.00|2.00|2.00|4.00|0.00|0.00|0.00|0.00|0.00|0.00|0.00|
BAS14P|812.00|18.00|24.00|14.00|0.00|0.00|0.00|9.00|1.00|0.00|0.00|0.00|0.00|0.00|0.00|
BAS16P|529.00|12.00|22.00|0.00|0.00|1.00|0.00|20.00|1.00|0.00|0.00|0.00|0.00|0.00|0.00|
BAS18P|1.00|5.00|15.00|5.00|0.00|3.00|0.00|7.00|0.00|0.00|0.00|0.00|0.00|0.00|0.00|
BAS24DEL|0.00|4.00|9.00|0.00|0.00|0.00|7.00|2.00|0.00|0.00|0.00|0.00|0.00|0.00|0.00|
BAS40P|17.00|9.00|9.00|0.00|3.00|1.00|4.00|1.00|0.00|0.00|0.00|0.00|0.00|0.00|0.00|
BAS6P|1.00|3.00|6.00|0.00|0.00|0.00|6.00|0.00|0.00|0.00|0.00|0.00|0.00|0.00|0.00|
BAS8P|995.00|20.00|48.00|0.00|0.00|0.00|5.00|43.00|0.00|0.00|0.00|0.00|0.00|0.00|0.00|
BASECAUTIN|23.00|2.00|3.00|2.00|0.00|0.00|1.00|0.00|0.00|0.00|0.00|0.00|0.00|0.00|0.00|
BASEFOCO12V5W|6.00|0.00|19.00|17.00|0.00|1.00|0.00|1.00|0.00|0.00|0.00|0.00|0.00|0.00|0.00|
BASEZIF40|99.00|4.00|1.00|0.00|0.00|0.00|0.00|1.00|0.00|0.00|0.00|0.00|0.00|0.00|0.00|
BC327A|1579.00|0.00|34.00|0.00|2.00|27.00|0.00|5.00|0.00|0.00|0.00|0.00|0.00|0.00|0.00|
BC337|2.00|3.00|69.00|0.00|31.00|34.00|0.00|4.00|0.00|0.00|0.00|0.00|0.00|0.00|0.00|
BC547A|4146.00|28.00|48.00|0.00|0.00|2.00|35.00|10.00|1.00|0.00|0.00|0.00|0.00|0.00|0.00|
BC547B|4120.00|46.00|124.00|0.00|2.00|2.00|42.00|78.00|0.00|0.00|0.00|0.00|0.00|0.00|0.00|
BC547C|2773.00|101.00|52.00|8.00|6.00|38.00|0.00|0.00|0.00|0.00|0.00|0.00|0.00|0.00|0.00|
BC548A|0.00|4.00|7.00|0.00|1.00|1.00|2.00|3.00|0.00|0.00|0.00|0.00|0.00|0.00|0.00|
BC548B|905.00|107.00|30.00|0.00|2.00|8.00|1.00|16.00|3.00|0.00|0.00|0.00|0.00|0.00|0.00|
BC556A|2.00|8.00|1.00|0.00|0.00|0.00|0.00|1.00|0.00|0.00|0.00|0.00|0.00|0.00|0.00|
BC557A|3056.00|0.00|6.00|0.00|2.00|0.00|0.00|2.00|2.00|0.00|0.00|0.00|0.00|0.00|0.00|
BC557B|3490.00|27.00|18.00|0.00|0.00|9.00|2.00|7.00|0.00|0.00|0.00|0.00|0.00|0.00|0.00|
BC557C|3704.00|13.00|2.00|0.00|2.00|0.00|0.00|0.00|0.00|0.00|0.00|0.00|0.00|0.00|0.00|
BC558A|0.00|3.00|9.00|1.00|0.00|2.00|3.00|3.00|0.00|0.00|0.00|0.00|0.00|0.00|0.00|
BC558B|251.00|50.00|28.00|0.00|0.00|0.00|1.00|27.00|0.00|0.00|0.00|0.00|0.00|0.00|0.00|
BC559C|4.00|6.00|12.00|0.00|4.00|4.00|0.00|4.00|0.00|0.00|0.00|0.00|0.00|0.00|0.00|
BD135|143.00|16.00|22.00|0.00|21.00|0.00|0.00|1.00|0.00|0.00|0.00|0.00|0.00|0.00|0.00|
BD136|102.00|2.00|4.00|0.00|0.00|2.00|0.00|2.00|0.00|0.00|0.00|0.00|0.00|0.00|0.00|
BD137|26.00|12.00|20.00|0.00|9.00|1.00|8.00|2.00|0.00|0.00|0.00|0.00|0.00|0.00|0.00|
BD138|53.00|5.00|8.00|0.00|0.00|2.00|3.00|3.00|0.00|0.00|0.00|0.00|0.00|0.00|0.00|
BD139|8.00|12.00|1.00|0.00|0.00|0.00|0.00|1.00|0.00|0.00|0.00|0.00|0.00|0.00|0.00|
BD140|31.00|13.00|10.00|0.00|0.00|2.00|2.00|4.00|2.00|0.00|0.00|0.00|0.00|0.00|0.00|
BLUETOOTH-HC05|118.00|4.00|10.00|0.00|1.00|6.00|1.00|2.00|0.00|0.00|0.00|0.00|0.00|0.00|0.00|
BLUETOOTH-HC06|12.00|0.00|7.00|0.00|0.00|4.00|3.00|0.00|0.00|0.00|0.00|0.00|0.00|0.00|0.00|
BOBINA100mHy|71.00|4.00|2.00|0.00|0.00|2.00|0.00|0.00|0.00|0.00|0.00|0.00|0.00|0.00|0.00|
BOBINA1mH|907.00|10.00|4.00|0.00|0.00|1.00|3.00|0.00|0.00|0.00|0.00|0.00|0.00|0.00|0.00|
BOBINA1µH|6.00|3.00|1.00|0.00|0.00|0.00|1.00|0.00|0.00|0.00|0.00|0.00|0.00|0.00|0.00|
BOBINA330µH|0.00|10.00|5.00|0.00|0.00|0.00|3.00|2.00|0.00|0.00|0.00|0.00|0.00|0.00|0.00|
BOCINA1.5W|0.00|0.00|32.00|3.00|4.00|3.00|11.00|11.00|0.00|0.00|0.00|0.00|0.00|0.00|0.00|
BOCINA2W|0.00|1.00|1.00|0.00|0.00|0.00|1.00|0.00|0.00|0.00|0.00|0.00|0.00|0.00|0.00|
BOCINA3W|7.00|2.00|3.00|0.00|2.00|1.00|0.00|0.00|0.00|0.00|0.00|0.00|0.00|0.00|0.00|
BORNECHI-NEGRO|353.00|53.00|76.00|0.00|10.00|26.00|10.00|27.00|3.00|0.00|0.00|0.00|0.00|0.00|0.00|
BORNECHI-ROJO|269.00|24.00|91.00|0.00|7.00|26.00|18.00|37.00|3.00|0.00|0.00|0.00|0.00|0.00|0.00|
BORNEGDE-NEGRO|0.00|23.00|2.00|2.00|0.00|0.00|0.00|0.00|0.00|0.00|0.00|0.00|0.00|0.00|0.00|
BORNEGDE-ROJO|0.00|21.00|2.00|2.00|0.00|0.00|0.00|0.00|0.00|0.00|0.00|0.00|0.00|0.00|0.00|
BORNEGDENEGRO|(null)|0.00|2.00|0.00|0.00|0.00|0.00|2.00|0.00|0.00|0.00|0.00|0.00|0.00|0.00|
BORNEMED-NEGRO|243.00|0.00|91.00|0.00|4.00|27.00|23.00|37.00|0.00|0.00|0.00|0.00|0.00|0.00|0.00|
BORNEMED-ROJO|301.00|0.00|101.00|0.00|4.00|31.00|22.00|44.00|0.00|0.00|0.00|0.00|0.00|0.00|0.00|
BORNENEGRO|(null)|0.00|8.00|7.00|1.00|0.00|0.00|0.00|0.00|0.00|0.00|0.00|0.00|0.00|0.00|
BORNEROJO|(null)|0.00|22.00|21.00|1.00|0.00|0.00|0.00|0.00|0.00|0.00|0.00|0.00|0.00|0.00|
BROCA1/16|110.00|0.00|4.00|0.00|0.00|0.00|0.00|4.00|0.00|0.00|0.00|0.00|0.00|0.00|0.00|
BROCA1/32|33.00|0.00|39.00|1.00|12.00|5.00|1.00|19.00|1.00|0.00|0.00|0.00|0.00|0.00|0.00|
BROCA1/32-VASTAGO|49.00|0.00|3.00|0.00|2.00|0.00|0.00|1.00|0.00|0.00|0.00|0.00|0.00|0.00|0.00|
BROCA3/64|66.00|0.00|3.00|0.00|0.00|0.00|0.00|2.00|1.00|0.00|0.00|0.00|0.00|0.00|0.00|
BROCA3/64-VASTAGO|0.00|0.00|1.00|0.00|1.00|0.00|0.00|0.00|0.00|0.00|0.00|0.00|0.00|0.00|0.00|
BROCHEPILA|669.00|44.00|245.00|34.00|75.00|39.00|30.00|64.00|3.00|0.00|0.00|0.00|0.00|0.00|0.00|
BT136|64.00|21.00|15.00|0.00|2.00|5.00|0.00|8.00|0.00|0.00|0.00|0.00|0.00|0.00|0.00|
BT137|15.00|9.00|1.00|0.00|0.00|1.00|0.00|0.00|0.00|0.00|0.00|0.00|0.00|0.00|0.00|
BT151|46.00|11.00|4.00|0.00|2.00|0.00|2.00|0.00|0.00|0.00|0.00|0.00|0.00|0.00|0.00|
BTA06-400V|0.00|2.00|15.00|0.00|0.00|0.00|0.00|15.00|0.00|0.00|0.00|0.00|0.00|0.00|0.00|
BTA08|32.00|2.00|1.00|0.00|0.00|0.00|0.00|1.00|0.00|0.00|0.00|0.00|0.00|0.00|0.00|
BTB08|0.00|1.00|6.00|0.00|0.00|0.00|0.00|6.00|0.00|0.00|0.00|0.00|0.00|0.00|0.00|
BUJE-TO220|0.00|0.00|6.00|0.00|4.00|0.00|0.00|2.00|0.00|0.00|0.00|0.00|0.00|0.00|0.00|
BYW-98-200|0.00|0.00|1.00|0.00|1.00|0.00|0.00|0.00|0.00|0.00|0.00|0.00|0.00|0.00|0.00|
C106D|482.00|40.00|143.00|2.00|2.00|78.00|10.00|51.00|0.00|0.00|0.00|0.00|0.00|0.00|0.00|
C2073|3.00|7.00|1.00|0.00|0.00|0.00|0.00|0.00|1.00|0.00|0.00|0.00|0.00|0.00|0.00|
CABLE22AZUL|0.00|0.00|9.00|0.00|0.00|2.00|2.00|5.00|0.00|0.00|0.00|0.00|0.00|0.00|0.00|
CABLE22N|311.50|22.00|33.50|5.00|1.00|12.00|2.00|13.50|0.00|0.00|0.00|0.00|0.00|0.00|0.00|
CABLE22R|358.00|16.00|34.00|5.00|1.00|8.00|2.00|11.50|6.50|0.00|0.00|0.00|0.00|0.00|0.00|
CABLEAWG14BLANCO|66.50|14.50|28.50|14.00|0.00|9.50|5.00|0.00|0.00|0.00|0.00|0.00|0.00|0.00|0.00|
CABLEAWG14NEGRO|65.00|23.00|47.50|22.00|4.50|2.50|6.00|12.50|0.00|0.00|0.00|0.00|0.00|0.00|0.00|
CABLEAWG14ROJO|165.50|23.00|23.00|18.00|0.00|0.00|0.00|5.00|0.00|0.00|0.00|0.00|0.00|0.00|0.00|
CABLEAWG16AZUL|0.00|0.00|3.00|0.00|1.00|1.00|1.00|0.00|0.00|0.00|0.00|0.00|0.00|0.00|0.00|
CABLEAWG16GRIS|0.00|0.00|13.00|0.00|0.00|0.00|5.00|8.00|0.00|0.00|0.00|0.00|0.00|0.00|0.00|
CABLEAWG16NAR|30.00|17.00|3.00|0.00|1.00|0.00|1.00|1.00|0.00|0.00|0.00|0.00|0.00|0.00|0.00|
CABLEAWG16ROJO|0.00|3.50|20.00|0.00|3.00|10.00|1.00|6.00|0.00|0.00|0.00|0.00|0.00|0.00|0.00|
CABLEAWG18AMA|49.00|0.00|14.50|0.00|3.00|4.50|4.00|3.00|0.00|0.00|0.00|0.00|0.00|0.00|0.00|
CABLEAWG18NEGRO|92.50|0.00|3.00|0.00|3.00|0.00|0.00|0.00|0.00|0.00|0.00|0.00|0.00|0.00|0.00|
CABLEAWG18ROJO|98.00|0.00|6.00|0.00|6.00|0.00|0.00|0.00|0.00|0.00|0.00|0.00|0.00|0.00|0.00|
CABLEAWG18VERDE|20.00|0.00|10.00|0.00|2.00|6.00|2.00|0.00|0.00|0.00|0.00|0.00|0.00|0.00|0.00|
CABLEDUPLEX18|28.00|0.00|72.50|12.50|5.00|13.00|24.00|18.00|0.00|0.00|0.00|0.00|0.00|0.00|0.00|
CABLEOTG|1.00|0.00|5.00|0.00|0.00|4.00|0.00|1.00|0.00|0.00|0.00|0.00|0.00|0.00|0.00|
CABLEP/ARDUINO|(null)|0.00|1.00|0.00|0.00|0.00|1.00|0.00|0.00|0.00|0.00|0.00|0.00|0.00|0.00|
CABLEPOT18|187.50|43.00|50.80|0.00|11.80|27.00|5.00|7.00|0.00|0.00|0.00|0.00|0.00|0.00|0.00|
CABLERCA-3|0.00|0.00|1.00|0.00|0.00|0.00|1.00|0.00|0.00|0.00|0.00|0.00|0.00|0.00|0.00|
CABLESERIAL-USB|2.00|0.00|1.00|1.00|0.00|0.00|0.00|0.00|0.00|0.00|0.00|0.00|0.00|0.00|0.00|
CABLEUSB-MINI|31.00|0.00|1.00|0.00|1.00|0.00|0.00|0.00|0.00|0.00|0.00|0.00|0.00|0.00|0.00|
CABLEUTP|1165.00|260.00|427.00|182.00|206.00|19.00|0.00|20.00|0.00|0.00|0.00|0.00|0.00|0.00|0.00|
CAIMANEGRO|77.00|3.00|48.00|22.00|15.00|0.00|3.00|8.00|0.00|0.00|0.00|0.00|0.00|0.00|0.00|
CAIMANGDENE|420.00|0.00|17.00|0.00|11.00|4.00|2.00|0.00|0.00|0.00|0.00|0.00|0.00|0.00|0.00|
CAIMANGDERO|347.00|0.00|26.00|0.00|17.00|5.00|3.00|1.00|0.00|0.00|0.00|0.00|0.00|0.00|0.00|
CAIMAROJO|25.00|7.00|57.00|22.00|21.00|0.00|2.00|12.00|0.00|0.00|0.00|0.00|0.00|0.00|0.00|
CAJADEARDUINO-MEGA|2.00|4.00|1.00|0.00|0.00|0.00|0.00|1.00|0.00|0.00|0.00|0.00|0.00|0.00|0.00|
CAJADEARDUINO-UNO|0.00|0.00|1.00|0.00|0.00|0.00|1.00|0.00|0.00|0.00|0.00|0.00|0.00|0.00|0.00|
CAJAPRETUL13|17.00|1.00|5.00|0.00|2.00|2.00|1.00|0.00|0.00|0.00|0.00|0.00|0.00|0.00|0.00|
CAJATRUPER14|8.00|1.00|2.00|0.00|0.00|2.00|0.00|0.00|0.00|0.00|0.00|0.00|0.00|0.00|0.00|
CAJATRUPER16-PESCA|2.00|0.00|1.00|0.00|0.00|1.00|0.00|0.00|0.00|0.00|0.00|0.00|0.00|0.00|0.00|
CANDADO25MM|4.00|0.00|1.00|0.00|1.00|0.00|0.00|0.00|0.00|0.00|0.00|0.00|0.00|0.00|0.00|
CARGADORDEPILAS|1.00|2.00|5.00|0.00|0.00|3.00|1.00|1.00|0.00|0.00|0.00|0.00|0.00|0.00|0.00|
CAUTIN-AM|8.00|4.00|25.00|5.00|7.00|5.00|4.00|4.00|0.00|0.00|0.00|0.00|0.00|0.00|0.00|
CAUTIN-AZ|31.00|0.00|11.00|3.00|5.00|1.00|0.00|2.00|0.00|0.00|0.00|0.00|0.00|0.00|0.00|
CC0.001µf|132.00|0.00|39.00|0.00|4.00|10.00|4.00|21.00|0.00|0.00|0.00|0.00|0.00|0.00|0.00|
CC0.0022µf|92.00|7.00|6.00|0.00|3.00|0.00|0.00|3.00|0.00|0.00|0.00|0.00|0.00|0.00|0.00|
CC0.0033µf|46.00|21.00|2.00|0.00|0.00|0.00|0.00|2.00|0.00|0.00|0.00|0.00|0.00|0.00|0.00|
CC0.0047µf|680.00|7.00|7.00|0.00|0.00|0.00|0.00|7.00|0.00|0.00|0.00|0.00|0.00|0.00|0.00|
CC0.0056µf|17.00|8.00|8.00|0.00|0.00|7.00|1.00|0.00|0.00|0.00|0.00|0.00|0.00|0.00|0.00|
CC0.015µf|23.00|0.00|2.00|2.00|0.00|0.00|0.00|0.00|0.00|0.00|0.00|0.00|0.00|0.00|0.00|
CC0.01µf|5041.00|42.00|143.00|5.00|4.00|28.00|46.00|60.00|0.00|0.00|0.00|0.00|0.00|0.00|0.00|
CC0.022µf|556.00|17.00|36.00|3.00|1.00|8.00|4.00|20.00|0.00|0.00|0.00|0.00|0.00|0.00|0.00|
CC0.033µf|0.00|9.00|3.00|2.00|0.00|0.00|0.00|1.00|0.00|0.00|0.00|0.00|0.00|0.00|0.00|
CC0.047µf|418.00|90.00|22.00|4.00|0.00|1.00|2.00|15.00|0.00|0.00|0.00|0.00|0.00|0.00|0.00|
CC0.15µf|17.00|15.00|5.00|0.00|0.00|0.00|0.00|5.00|0.00|0.00|0.00|0.00|0.00|0.00|0.00|
CC0.1µf|6954.00|52.00|494.00|22.00|79.00|150.00|82.00|161.00|0.00|0.00|0.00|0.00|0.00|0.00|0.00|
CC0.22µf|293.00|86.00|10.00|0.00|0.00|0.00|0.00|10.00|0.00|0.00|0.00|0.00|0.00|0.00|0.00|
CC100pf|37.00|1.00|2.00|0.00|0.00|0.00|0.00|2.00|0.00|0.00|0.00|0.00|0.00|0.00|0.00|
CC120pf|29.00|14.00|6.00|0.00|2.00|0.00|0.00|4.00|0.00|0.00|0.00|0.00|0.00|0.00|0.00|
CC150pf|278.00|31.00|31.00|0.00|0.00|0.00|1.00|30.00|0.00|0.00|0.00|0.00|0.00|0.00|0.00|
CC15pf|623.00|9.00|5.00|0.00|0.00|0.00|0.00|5.00|0.00|0.00|0.00|0.00|0.00|0.00|0.00|
CC180pf|41.00|0.00|16.00|0.00|0.00|0.00|0.00|16.00|0.00|0.00|0.00|0.00|0.00|0.00|0.00|
CC220pf|208.00|113.00|14.00|8.00|0.00|2.00|0.00|4.00|0.00|0.00|0.00|0.00|0.00|0.00|0.00|
CC22pf|1521.00|74.00|74.00|13.00|6.00|11.00|6.00|38.00|0.00|0.00|0.00|0.00|0.00|0.00|0.00|
CC270pf|679.00|61.00|2.00|0.00|0.00|0.00|0.00|2.00|0.00|0.00|0.00|0.00|0.00|0.00|0.00|
CC27pf|58.00|6.00|2.00|0.00|0.00|0.00|0.00|2.00|0.00|0.00|0.00|0.00|0.00|0.00|0.00|
CC330pf|62.00|18.00|2.00|0.00|0.00|0.00|0.00|2.00|0.00|0.00|0.00|0.00|0.00|0.00|0.00|
CC33pf|283.00|9.00|15.00|0.00|9.00|0.00|2.00|4.00|0.00|0.00|0.00|0.00|0.00|0.00|0.00|
CC39pf|129.00|20.00|1.00|0.00|0.00|0.00|0.00|0.00|1.00|0.00|0.00|0.00|0.00|0.00|0.00|
CC4.7pf|10.00|14.00|2.00|0.00|0.00|0.00|2.00|0.00|0.00|0.00|0.00|0.00|0.00|0.00|0.00|
CC470pf|226.00|101.00|15.00|0.00|0.00|0.00|2.00|13.00|0.00|0.00|0.00|0.00|0.00|0.00|0.00|
CC47pf|43.00|11.00|8.00|0.00|2.00|6.00|0.00|0.00|0.00|0.00|0.00|0.00|0.00|0.00|0.00|
CC560pf|498.00|20.00|1.00|0.00|1.00|0.00|0.00|0.00|0.00|0.00|0.00|0.00|0.00|0.00|0.00|
CC680pf|570.00|0.00|3.00|0.00|0.00|0.00|0.00|3.00|0.00|0.00|0.00|0.00|0.00|0.00|0.00|
CC68pf|0.00|0.00|6.00|0.00|0.00|6.00|0.00|0.00|0.00|0.00|0.00|0.00|0.00|0.00|0.00|
CC82pf|74.00|21.00|2.00|0.00|0.00|0.00|2.00|0.00|0.00|0.00|0.00|0.00|0.00|0.00|0.00|
CE0.1µf/50V|84.00|21.00|3.00|0.00|0.00|1.00|0.00|2.00|0.00|0.00|0.00|0.00|0.00|0.00|0.00|
CE0.33µf/50V|0.00|0.00|6.00|0.00|0.00|1.00|2.00|3.00|0.00|0.00|0.00|0.00|0.00|0.00|0.00|
CE0.47µf/50V|110.00|8.00|22.00|0.00|3.00|2.00|2.00|15.00|0.00|0.00|0.00|0.00|0.00|0.00|0.00|
CE1000µf/25V|116.00|33.00|155.00|2.00|44.00|34.00|42.00|33.00|0.00|0.00|0.00|0.00|0.00|0.00|0.00|
CE1000µf/35V|0.00|0.00|13.00|0.00|0.00|4.00|4.00|4.00|1.00|0.00|0.00|0.00|0.00|0.00|0.00|
CE1000µf/50V|262.00|22.00|60.00|6.00|11.00|10.00|22.00|11.00|0.00|0.00|0.00|0.00|0.00|0.00|0.00|
CE100µf/250V|50.00|2.00|1.00|0.00|0.00|0.00|0.00|1.00|0.00|0.00|0.00|0.00|0.00|0.00|0.00|
CE100µf/25V|109.00|44.00|237.00|2.00|35.00|77.00|102.00|21.00|0.00|0.00|0.00|0.00|0.00|0.00|0.00|
CE100µf/50V|222.00|32.00|101.00|23.00|25.00|8.00|9.00|34.00|2.00|0.00|0.00|0.00|0.00|0.00|0.00|
CE100µf/63V|0.00|0.00|1.00|1.00|0.00|0.00|0.00|0.00|0.00|0.00|0.00|0.00|0.00|0.00|0.00|
CE10µf/25V|377.00|53.00|236.00|2.00|35.00|99.00|44.00|56.00|0.00|0.00|0.00|0.00|0.00|0.00|0.00|
CE10µf/50V|197.00|14.00|140.00|0.00|18.00|49.00|20.00|53.00|0.00|0.00|0.00|0.00|0.00|0.00|0.00|
CE1500µf/35V|0.00|5.00|3.00|0.00|0.00|0.00|3.00|0.00|0.00|0.00|0.00|0.00|0.00|0.00|0.00|
CE1500µf/50V|150.00|7.00|7.00|0.00|4.00|0.00|0.00|3.00|0.00|0.00|0.00|0.00|0.00|0.00|0.00|
CE15µf/50V|8.00|10.00|6.00|0.00|4.00|0.00|0.00|2.00|0.00|0.00|0.00|0.00|0.00|0.00|0.00|
CE1µf/50V|1895.00|56.00|250.00|14.00|30.00|63.00|61.00|82.00|0.00|0.00|0.00|0.00|0.00|0.00|0.00|
CE1µf/63V|0.00|0.00|31.00|0.00|0.00|0.00|0.00|31.00|0.00|0.00|0.00|0.00|0.00|0.00|0.00|
CE2.2µf/50V|179.00|45.00|22.00|3.00|1.00|1.00|7.00|10.00|0.00|0.00|0.00|0.00|0.00|0.00|0.00|
CE2200µf/25V|200.00|36.00|124.00|0.00|27.00|74.00|10.00|11.00|2.00|0.00|0.00|0.00|0.00|0.00|0.00|
CE2200µf/50V|90.00|37.00|73.00|1.00|21.00|16.00|13.00|22.00|0.00|0.00|0.00|0.00|0.00|0.00|0.00|
CE220µf/25V|43.00|20.00|19.00|0.00|5.00|3.00|0.00|11.00|0.00|0.00|0.00|0.00|0.00|0.00|0.00|
CE220µf/50V|236.00|9.00|9.00|0.00|2.00|0.00|5.00|2.00|0.00|0.00|0.00|0.00|0.00|0.00|0.00|
CE22µf/25V|133.00|29.00|44.00|2.00|3.00|8.00|7.00|24.00|0.00|0.00|0.00|0.00|0.00|0.00|0.00|
CE22µf/50V|662.00|34.00|16.00|0.00|1.00|5.00|8.00|2.00|0.00|0.00|0.00|0.00|0.00|0.00|0.00|
CE3.3µf/50V|50.00|2.00|9.00|0.00|1.00|0.00|2.00|6.00|0.00|0.00|0.00|0.00|0.00|0.00|0.00|
CE3300µf/63V|9.00|9.00|6.00|2.00|0.00|0.00|0.00|4.00|0.00|0.00|0.00|0.00|0.00|0.00|0.00|
CE330µf/25V|120.00|23.00|5.00|1.00|2.00|0.00|0.00|2.00|0.00|0.00|0.00|0.00|0.00|0.00|0.00|
CE33µf/50V|76.00|8.00|20.00|0.00|6.00|0.00|0.00|14.00|0.00|0.00|0.00|0.00|0.00|0.00|0.00|
CE390µf/50V|0.00|5.00|1.00|0.00|0.00|0.00|1.00|0.00|0.00|0.00|0.00|0.00|0.00|0.00|0.00|
CE4.7µf/250V|4.00|0.00|2.00|0.00|0.00|0.00|2.00|0.00|0.00|0.00|0.00|0.00|0.00|0.00|0.00|
CE4.7µf/50V|200.00|11.00|100.00|1.00|6.00|5.00|42.00|46.00|0.00|0.00|0.00|0.00|0.00|0.00|0.00|
CE4700µf/50V|29.00|8.00|27.00|0.00|2.00|6.00|0.00|19.00|0.00|0.00|0.00|0.00|0.00|0.00|0.00|
CE470µf/25V|80.00|17.00|103.00|0.00|15.00|54.00|17.00|17.00|0.00|0.00|0.00|0.00|0.00|0.00|0.00|
CE470µf/50V|198.00|2.00|56.00|0.00|20.00|13.00|7.00|16.00|0.00|0.00|0.00|0.00|0.00|0.00|0.00|
CE47µf/25V|79.00|30.00|80.00|0.00|6.00|30.00|43.00|1.00|0.00|0.00|0.00|0.00|0.00|0.00|0.00|
CE47µf/50V|32.00|24.00|69.00|0.00|0.00|0.00|39.00|30.00|0.00|0.00|0.00|0.00|0.00|0.00|0.00|
CE560µf/35V|0.00|19.00|2.00|0.00|1.00|0.00|0.00|1.00|0.00|0.00|0.00|0.00|0.00|0.00|0.00|
CE680µf/50V|100.00|9.00|3.00|0.00|0.00|2.00|1.00|0.00|0.00|0.00|0.00|0.00|0.00|0.00|0.00|
CE68µf/25V|3.00|0.00|6.00|1.00|5.00|0.00|0.00|0.00|0.00|0.00|0.00|0.00|0.00|0.00|0.00|
CELDA12V200MA|0.00|0.00|2.00|0.00|0.00|2.00|0.00|0.00|0.00|0.00|0.00|0.00|0.00|0.00|0.00|
CELDA5V100MA|26.00|3.00|3.00|0.00|0.00|1.00|0.00|2.00|0.00|0.00|0.00|0.00|0.00|0.00|0.00|
CELDAPELTIER|21.00|3.00|2.00|0.00|1.00|1.00|0.00|0.00|0.00|0.00|0.00|0.00|0.00|0.00|0.00|
CHASIGLINEAS|0.00|0.00|2.00|0.00|0.00|2.00|0.00|0.00|0.00|0.00|0.00|0.00|0.00|0.00|0.00|
CHASISNEGROCHI|0.00|0.00|2.00|0.00|0.00|1.00|0.00|1.00|0.00|0.00|0.00|0.00|0.00|0.00|0.00|
CHASISNEGROGDE|12.00|1.00|4.00|0.00|3.00|0.00|0.00|1.00|0.00|0.00|0.00|0.00|0.00|0.00|0.00|
CHASISNEGROMED|39.00|0.00|2.00|0.00|2.00|0.00|0.00|0.00|0.00|0.00|0.00|0.00|0.00|0.00|0.00|
CINTADEAISLAR-A|1.00|0.00|5.00|0.00|3.00|0.00|0.00|2.00|0.00|0.00|0.00|0.00|0.00|0.00|0.00|
CINTADEAISLAR-AZUL|0.00|0.00|6.00|0.00|4.00|0.00|1.00|0.00|1.00|0.00|0.00|0.00|0.00|0.00|0.00|
CINTADEAISLAR-B|3.00|0.00|4.00|0.00|1.00|1.00|1.00|1.00|0.00|0.00|0.00|0.00|0.00|0.00|0.00|
CINTADEAISLAR-N|51.00|6.00|20.00|2.00|8.00|6.00|0.00|4.00|0.00|0.00|0.00|0.00|0.00|0.00|0.00|
CINTADEAISLAR-R|0.00|0.00|3.00|0.00|2.00|0.00|1.00|0.00|0.00|0.00|0.00|0.00|0.00|0.00|0.00|
CINTADEAISLAR-V|0.00|0.00|5.00|0.00|2.00|0.00|1.00|2.00|0.00|0.00|0.00|0.00|0.00|0.00|0.00|
CINTADOBLECARA2.28M|0.00|0.00|2.00|0.00|0.00|1.00|1.00|0.00|0.00|0.00|0.00|0.00|0.00|0.00|0.00|
CIRCUITOIMPRESO10X10|48.00|0.00|2.00|0.00|0.00|0.00|0.00|2.00|0.00|0.00|0.00|0.00|0.00|0.00|0.00|
CIRCUITOIMPRESO10X15|97.00|0.00|1.00|0.00|0.00|0.00|0.00|1.00|0.00|0.00|0.00|0.00|0.00|0.00|0.00|
CLAVIJA|5.00|0.00|71.00|3.00|30.00|24.00|7.00|5.00|2.00|0.00|0.00|0.00|0.00|0.00|0.00|
CLAVIJABLA|340.00|12.00|28.00|1.00|15.00|5.00|3.00|4.00|0.00|0.00|0.00|0.00|0.00|0.00|0.00|
CLAVIJATIERRA|39.00|9.00|5.00|0.00|4.00|0.00|0.00|1.00|0.00|0.00|0.00|0.00|0.00|0.00|0.00|
CLORURO250|29.00|10.00|30.00|2.00|6.00|7.00|4.00|11.00|0.00|0.00|0.00|0.00|0.00|0.00|0.00|
CM0.1µf/50V|30.00|15.00|15.00|0.00|1.00|1.00|3.00|10.00|0.00|0.00|0.00|0.00|0.00|0.00|0.00|
CM0.33µf/50V|62.00|17.00|4.00|0.00|0.00|2.00|0.00|2.00|0.00|0.00|0.00|0.00|0.00|0.00|0.00|
CM0.47µf/50V|73.00|8.00|10.00|0.00|2.00|5.00|0.00|3.00|0.00|0.00|0.00|0.00|0.00|0.00|0.00|
CM1µf/50V|9.00|7.00|71.00|0.00|17.00|25.00|5.00|24.00|0.00|0.00|0.00|0.00|0.00|0.00|0.00|
CM8870|27.00|0.00|5.00|2.00|0.00|0.00|2.00|1.00|0.00|0.00|0.00|0.00|0.00|0.00|0.00|
CNY70|8.00|9.00|41.00|0.00|8.00|11.00|7.00|15.00|0.00|0.00|0.00|0.00|0.00|0.00|0.00|
COAXIALRG58|92.00|80.00|3.00|0.00|1.00|2.00|0.00|0.00|0.00|0.00|0.00|0.00|0.00|0.00|0.00|
COAXIALRG59|279.50|61.00|39.00|0.00|39.00|0.00|0.00|0.00|0.00|0.00|0.00|0.00|0.00|0.00|0.00|
CON2TORNILLOS|1974.00|55.00|131.00|5.00|10.00|8.00|51.00|57.00|0.00|0.00|0.00|0.00|0.00|0.00|0.00|
CON3TORNILLOS|496.00|26.00|46.00|1.00|1.00|1.00|9.00|34.00|0.00|0.00|0.00|0.00|0.00|0.00|0.00|
CONBNC/RG58|(null)|40.00|2.00|0.00|2.00|0.00|0.00|0.00|0.00|0.00|0.00|0.00|0.00|0.00|0.00|
CONCHADB-9|73.00|3.00|2.00|0.00|0.00|2.00|0.00|0.00|0.00|0.00|0.00|0.00|0.00|0.00|0.00|
CONCHADB25|2.00|0.00|1.00|0.00|1.00|0.00|0.00|0.00|0.00|0.00|0.00|0.00|0.00|0.00|0.00|
CONDB-25CPLANO|3.00|1.00|1.00|0.00|1.00|0.00|0.00|0.00|0.00|0.00|0.00|0.00|0.00|0.00|0.00|
CONDB-9H|85.00|0.00|3.00|0.00|0.00|3.00|0.00|0.00|0.00|0.00|0.00|0.00|0.00|0.00|0.00|
CONECTORF|68.00|0.00|85.00|4.00|81.00|0.00|0.00|0.00|0.00|0.00|0.00|0.00|0.00|0.00|0.00|
CONRJ-11|149.00|121.00|5.00|0.00|5.00|0.00|0.00|0.00|0.00|0.00|0.00|0.00|0.00|0.00|0.00|
CONRJ-45|2030.00|212.00|1022.00|535.00|430.00|35.00|0.00|22.00|0.00|0.00|0.00|0.00|0.00|0.00|0.00|
CONSMAHEMBRA|996.00|2.00|1.00|0.00|0.00|0.00|0.00|1.00|0.00|0.00|0.00|0.00|0.00|0.00|0.00|
CONTACTOPOL|2.00|1.00|1.00|0.00|0.00|1.00|0.00|0.00|0.00|0.00|0.00|0.00|0.00|0.00|0.00|
CP0.001µf|188.00|21.00|9.00|0.00|0.00|0.00|2.00|7.00|0.00|0.00|0.00|0.00|0.00|0.00|0.00|
CP0.0033µf|42.00|33.00|12.00|0.00|0.00|0.00|2.00|10.00|0.00|0.00|0.00|0.00|0.00|0.00|0.00|
CP0.01µf/100V|0.00|0.00|3.00|0.00|0.00|0.00|0.00|3.00|0.00|0.00|0.00|0.00|0.00|0.00|0.00|
CP0.01µf/400V|86.00|0.00|9.00|0.00|0.00|1.00|0.00|8.00|0.00|0.00|0.00|0.00|0.00|0.00|0.00|
CP0.022µf |(null)|1.00|9.00|0.00|0.00|0.00|2.00|7.00|0.00|0.00|0.00|0.00|0.00|0.00|0.00|
CP0.022µf/100V|7.00|0.00|4.00|0.00|0.00|0.00|0.00|4.00|0.00|0.00|0.00|0.00|0.00|0.00|0.00|
CP0.033µf/100V|53.00|0.00|1.00|0.00|0.00|0.00|0.00|1.00|0.00|0.00|0.00|0.00|0.00|0.00|0.00|
CP0.047µf/100V|32.00|0.00|5.00|0.00|0.00|0.00|4.00|1.00|0.00|0.00|0.00|0.00|0.00|0.00|0.00|
CP0.047µf/250V|26.00|9.00|17.00|0.00|0.00|0.00|0.00|17.00|0.00|0.00|0.00|0.00|0.00|0.00|0.00|
CP0.068µf/250V|0.00|1.00|1.00|0.00|0.00|0.00|1.00|0.00|0.00|0.00|0.00|0.00|0.00|0.00|0.00|
CP0.1µf/100V|263.00|15.00|19.00|0.00|0.00|0.00|2.00|17.00|0.00|0.00|0.00|0.00|0.00|0.00|0.00|
CP0.1µf/250V|17.00|2.00|8.00|0.00|0.00|0.00|0.00|8.00|0.00|0.00|0.00|0.00|0.00|0.00|0.00|
CP0.1µf/400V|0.00|0.00|3.00|3.00|0.00|0.00|0.00|0.00|0.00|0.00|0.00|0.00|0.00|0.00|0.00|
CP0.22µf/100V|28.00|7.00|7.00|0.00|0.00|0.00|0.00|7.00|0.00|0.00|0.00|0.00|0.00|0.00|0.00|
CP0.22µf/250V|9.00|23.00|5.00|0.00|0.00|0.00|0.00|5.00|0.00|0.00|0.00|0.00|0.00|0.00|0.00|
CP0.47µf/100V|34.00|0.00|4.00|0.00|0.00|0.00|0.00|4.00|0.00|0.00|0.00|0.00|0.00|0.00|0.00|
CP0.47µf/250V|0.00|0.00|5.00|0.00|0.00|0.00|0.00|5.00|0.00|0.00|0.00|0.00|0.00|0.00|0.00|
CP1µf/250V|184.00|0.00|4.00|0.00|0.00|0.00|0.00|4.00|0.00|0.00|0.00|0.00|0.00|0.00|0.00|
CP1µf/400V|1.00|0.00|1.00|0.00|0.00|1.00|0.00|0.00|0.00|0.00|0.00|0.00|0.00|0.00|0.00|
CP2.2µf/100V|0.00|0.00|4.00|0.00|0.00|0.00|0.00|4.00|0.00|0.00|0.00|0.00|0.00|0.00|0.00|
CRIS20MHZ|123.00|6.00|2.00|0.00|0.00|0.00|0.00|2.00|0.00|0.00|0.00|0.00|0.00|0.00|0.00|
CRIS3.5795MHZ|0.00|9.00|3.00|2.00|0.00|0.00|1.00|0.00|0.00|0.00|0.00|0.00|0.00|0.00|0.00|
CRIS32.768KHZ|34.00|2.00|10.00|0.00|0.00|0.00|0.00|10.00|0.00|0.00|0.00|0.00|0.00|0.00|0.00|
CRIS48MHZ|0.00|12.00|1.00|0.00|0.00|0.00|0.00|1.00|0.00|0.00|0.00|0.00|0.00|0.00|0.00|
CRIS4MHZ|100.00|8.00|36.00|5.00|11.00|3.00|5.00|12.00|0.00|0.00|0.00|0.00|0.00|0.00|0.00|
CRIS8MHZ|11.00|16.00|1.00|0.00|0.00|0.00|0.00|1.00|0.00|0.00|0.00|0.00|0.00|0.00|0.00|
CT10µf|10.00|2.00|3.00|0.00|0.00|0.00|0.00|0.00|3.00|0.00|0.00|0.00|0.00|0.00|0.00|
CT1µf|(null)|19.00|1.00|0.00|0.00|0.00|1.00|0.00|0.00|0.00|0.00|0.00|0.00|0.00|0.00|
CUBIERTARJ-45|241.00|45.00|13.00|0.00|2.00|3.00|0.00|8.00|0.00|0.00|0.00|0.00|0.00|0.00|0.00|
CUTER-PRE5PB|8.00|0.00|1.00|0.00|0.00|0.00|0.00|1.00|0.00|0.00|0.00|0.00|0.00|0.00|0.00|
DB3|154.00|27.00|3.00|1.00|0.00|0.00|1.00|1.00|0.00|0.00|0.00|0.00|0.00|0.00|0.00|
DESCRUZ|7.00|2.00|2.00|0.00|1.00|0.00|0.00|1.00|0.00|0.00|0.00|0.00|0.00|0.00|0.00|
DESPLANO|5.00|2.00|1.00|0.00|0.00|1.00|0.00|0.00|0.00|0.00|0.00|0.00|0.00|0.00|0.00|
DIP10INTCI|34.00|20.00|13.00|0.00|4.00|3.00|4.00|1.00|1.00|0.00|0.00|0.00|0.00|0.00|0.00|
DIP2INT|0.00|64.00|1.00|0.00|0.00|1.00|0.00|0.00|0.00|0.00|0.00|0.00|0.00|0.00|0.00|
DIP2INTCI|555.00|0.00|21.00|11.00|0.00|3.00|3.00|4.00|0.00|0.00|0.00|0.00|0.00|0.00|0.00|
DIP4INTCI|1332.00|30.00|123.00|35.00|30.00|41.00|15.00|2.00|0.00|0.00|0.00|0.00|0.00|0.00|0.00|
DIP6INTCI|510.00|37.00|79.00|39.00|11.00|17.00|5.00|7.00|0.00|0.00|0.00|0.00|0.00|0.00|0.00|
DIP8INTCI|2668.00|32.00|372.00|55.00|172.00|63.00|58.00|24.00|0.00|0.00|0.00|0.00|0.00|0.00|0.00|
DISAC16SEG|19.00|0.00|1.00|0.00|0.00|1.00|0.00|0.00|0.00|0.00|0.00|0.00|0.00|0.00|0.00|
DISAC2|0.00|3.00|13.00|0.00|0.00|0.00|1.00|12.00|0.00|0.00|0.00|0.00|0.00|0.00|0.00|
DISAC3|1.00|7.00|7.00|0.00|0.00|3.00|3.00|1.00|0.00|0.00|0.00|0.00|0.00|0.00|0.00|
DISAC4|301.00|2.00|2.00|0.00|0.00|0.00|0.00|2.00|0.00|0.00|0.00|0.00|0.00|0.00|0.00|
DISACS|1065.00|60.00|156.00|4.00|12.00|81.00|21.00|38.00|0.00|0.00|0.00|0.00|0.00|0.00|0.00|
DISACSV|798.00|0.00|1.00|0.00|1.00|0.00|0.00|0.00|0.00|0.00|0.00|0.00|0.00|0.00|0.00|
DISCC2|5.00|5.00|4.00|0.00|0.00|0.00|0.00|4.00|0.00|0.00|0.00|0.00|0.00|0.00|0.00|
DISCC3|2.00|1.00|3.00|0.00|0.00|0.00|2.00|1.00|0.00|0.00|0.00|0.00|0.00|0.00|0.00|
DISCC4|8.00|3.00|2.00|0.00|0.00|0.00|0.00|1.00|1.00|0.00|0.00|0.00|0.00|0.00|0.00|
DISCCS|828.00|55.00|179.00|7.00|11.00|69.00|40.00|52.00|0.00|0.00|0.00|0.00|0.00|0.00|0.00|
DISIPADOR-LEDPOT|792.00|46.00|2.00|1.00|1.00|0.00|0.00|0.00|0.00|0.00|0.00|0.00|0.00|0.00|0.00|
DISIPADOR-TO220|258.00|22.00|68.00|2.00|27.00|13.00|10.00|15.00|1.00|0.00|0.00|0.00|0.00|0.00|0.00|
DN6851A|3.00|0.00|1.00|0.00|0.00|0.00|0.00|1.00|0.00|0.00|0.00|0.00|0.00|0.00|0.00|
DS1307|5.00|3.00|7.00|0.00|0.00|0.00|0.00|7.00|0.00|0.00|0.00|0.00|0.00|0.00|0.00|
DS1624|0.00|1.00|6.00|0.00|0.00|0.00|0.00|6.00|0.00|0.00|0.00|0.00|0.00|0.00|0.00|
DS18B20|42.00|5.00|3.00|0.00|0.00|0.00|0.00|3.00|0.00|0.00|0.00|0.00|0.00|0.00|0.00|
DZ12V|413.00|25.00|7.00|0.00|3.00|0.00|0.00|4.00|0.00|0.00|0.00|0.00|0.00|0.00|0.00|
DZ12V1W|24.00|15.00|1.00|0.00|0.00|0.00|0.00|1.00|0.00|0.00|0.00|0.00|0.00|0.00|0.00|
DZ16V|2.00|18.00|6.00|0.00|0.00|5.00|1.00|0.00|0.00|0.00|0.00|0.00|0.00|0.00|0.00|
DZ2.4V|0.00|0.00|1.00|0.00|0.00|0.00|0.00|1.00|0.00|0.00|0.00|0.00|0.00|0.00|0.00|
DZ3.3V|76.00|4.00|15.00|0.00|0.00|3.00|1.00|11.00|0.00|0.00|0.00|0.00|0.00|0.00|0.00|
DZ3.9V|93.00|0.00|8.00|2.00|6.00|0.00|0.00|0.00|0.00|0.00|0.00|0.00|0.00|0.00|0.00|
DZ30V1W|20.00|0.00|7.00|0.00|2.00|5.00|0.00|0.00|0.00|0.00|0.00|0.00|0.00|0.00|0.00|
DZ4.3V|10.00|11.00|7.00|0.00|5.00|0.00|0.00|2.00|0.00|0.00|0.00|0.00|0.00|0.00|0.00|
DZ4.7V|24.00|0.00|2.00|0.00|0.00|0.00|0.00|2.00|0.00|0.00|0.00|0.00|0.00|0.00|0.00|
DZ5.1V|52.00|29.00|96.00|0.00|28.00|29.00|21.00|17.00|1.00|0.00|0.00|0.00|0.00|0.00|0.00|
DZ5.1V1W|51.00|4.00|17.00|0.00|0.00|0.00|0.00|17.00|0.00|0.00|0.00|0.00|0.00|0.00|0.00|
DZ9.1V|101.00|4.00|31.00|0.00|0.00|17.00|13.00|1.00|0.00|0.00|0.00|0.00|0.00|0.00|0.00|
ELECTROVALVULA|6.00|2.00|1.00|0.00|0.00|0.00|0.00|1.00|0.00|0.00|0.00|0.00|0.00|0.00|0.00|
ELIMINADOR12V|215.00|9.00|35.00|1.00|17.00|2.00|4.00|11.00|0.00|0.00|0.00|0.00|0.00|0.00|0.00|
ELIMINADOR5V2A|108.00|0.00|25.00|1.00|15.00|4.00|1.00|4.00|0.00|0.00|0.00|0.00|0.00|0.00|0.00|
ELIMINADOR9V-0.8A|1.00|15.00|3.00|0.00|2.00|0.00|0.00|1.00|0.00|0.00|0.00|0.00|0.00|0.00|0.00|
ENCODER|62.00|1.00|8.00|0.00|0.00|0.00|1.00|7.00|0.00|0.00|0.00|0.00|0.00|0.00|0.00|
ENGRANEMDFCHI|61.00|9.00|51.00|0.00|13.00|0.00|25.00|13.00|0.00|0.00|0.00|0.00|0.00|0.00|0.00|
ENGRANEMDFMED|63.00|2.00|12.00|0.00|4.00|0.00|0.00|8.00|0.00|0.00|0.00|0.00|0.00|0.00|0.00|
ENGRANEMED|0.00|12.00|2.00|0.00|0.00|0.00|0.00|0.00|2.00|0.00|0.00|0.00|0.00|0.00|0.00|
ESPONJA|9.00|0.00|2.00|1.00|0.00|1.00|0.00|0.00|0.00|0.00|0.00|0.00|0.00|0.00|0.00|
EXSOLDADURACHI|4.00|1.00|17.00|2.00|9.00|0.00|1.00|5.00|0.00|0.00|0.00|0.00|0.00|0.00|0.00|
EXTENSION3M|2.00|0.00|1.00|1.00|0.00|0.00|0.00|0.00|0.00|0.00|0.00|0.00|0.00|0.00|0.00|
EXTENSIONPLUG3.5|(null)|3.00|1.00|0.00|1.00|0.00|0.00|0.00|0.00|0.00|0.00|0.00|0.00|0.00|0.00|
FA.500Amp|20.00|30.00|6.00|0.00|1.00|5.00|0.00|0.00|0.00|0.00|0.00|0.00|0.00|0.00|0.00|
FA10Amp|7.00|27.00|12.00|0.00|9.00|3.00|0.00|0.00|0.00|0.00|0.00|0.00|0.00|0.00|0.00|
FA1Amp|154.00|21.00|3.00|0.00|3.00|0.00|0.00|0.00|0.00|0.00|0.00|0.00|0.00|0.00|0.00|
FA2Amp|114.00|5.00|9.00|2.00|4.00|3.00|0.00|0.00|0.00|0.00|0.00|0.00|0.00|0.00|0.00|
FA3Amp|80.00|31.00|7.00|0.00|5.00|0.00|2.00|0.00|0.00|0.00|0.00|0.00|0.00|0.00|0.00|
FA5Amp|85.00|13.00|2.00|1.00|0.00|1.00|0.00|0.00|0.00|0.00|0.00|0.00|0.00|0.00|0.00|
FA7Amp|0.00|0.00|1.00|0.00|1.00|0.00|0.00|0.00|0.00|0.00|0.00|0.00|0.00|0.00|0.00|
FCERAMICO10A|0.00|22.00|2.00|0.00|0.00|2.00|0.00|0.00|0.00|0.00|0.00|0.00|0.00|0.00|0.00|
FCERAMICO20A|0.00|19.00|4.00|0.00|4.00|0.00|0.00|0.00|0.00|0.00|0.00|0.00|0.00|0.00|0.00|
FE.315Amp|0.00|2.00|8.00|0.00|3.00|0.00|3.00|2.00|0.00|0.00|0.00|0.00|0.00|0.00|0.00|
FE.500Amp|82.00|50.00|30.00|9.00|0.00|14.00|2.00|5.00|0.00|0.00|0.00|0.00|0.00|0.00|0.00|
FE1.5Amp|0.00|24.00|2.00|1.00|0.00|0.00|1.00|0.00|0.00|0.00|0.00|0.00|0.00|0.00|0.00|
FE10Amp|156.00|199.00|903.00|98.00|480.00|155.00|42.00|123.00|5.00|0.00|0.00|0.00|0.00|0.00|0.00|
FE15Amp|162.00|46.00|210.00|10.00|41.00|21.00|10.00|123.00|5.00|0.00|0.00|0.00|0.00|0.00|0.00|
FE1Amp|381.00|29.00|20.00|4.00|6.00|0.00|2.00|8.00|0.00|0.00|0.00|0.00|0.00|0.00|0.00|
FE2Amp|121.00|110.00|105.00|22.00|38.00|21.00|20.00|4.00|0.00|0.00|0.00|0.00|0.00|0.00|0.00|
FE3Amp|144.00|130.00|41.00|0.00|4.00|20.00|8.00|9.00|0.00|0.00|0.00|0.00|0.00|0.00|0.00|
FE4Amp|64.00|31.00|37.00|0.00|0.00|29.00|8.00|0.00|0.00|0.00|0.00|0.00|0.00|0.00|0.00|
FE5Amp|365.00|190.00|69.00|7.00|18.00|11.00|18.00|15.00|0.00|0.00|0.00|0.00|0.00|0.00|0.00|
FERRITA-02|21.00|3.00|1.00|0.00|0.00|0.00|1.00|0.00|0.00|0.00|0.00|0.00|0.00|0.00|0.00|
FLUX-50|1.00|2.00|4.00|0.00|3.00|0.00|0.00|0.00|1.00|0.00|0.00|0.00|0.00|0.00|0.00|
FOCO100W|1.00|3.00|27.00|0.00|13.00|10.00|0.00|4.00|0.00|0.00|0.00|0.00|0.00|0.00|0.00|
FOCO12V|123.00|20.00|39.00|1.00|23.00|6.00|1.00|8.00|0.00|0.00|0.00|0.00|0.00|0.00|0.00|
FOCO12V5W|31.00|139.00|31.00|25.00|4.00|1.00|0.00|1.00|0.00|0.00|0.00|0.00|0.00|0.00|0.00|
FOCO40W|3.00|0.00|64.00|0.00|6.00|34.00|21.00|3.00|0.00|0.00|0.00|0.00|0.00|0.00|0.00|
FOCO6.3V|96.00|24.00|27.00|2.00|3.00|19.00|1.00|2.00|0.00|0.00|0.00|0.00|0.00|0.00|0.00|
FOCO60W|3.00|0.00|25.00|0.00|0.00|16.00|4.00|5.00|0.00|0.00|0.00|0.00|0.00|0.00|0.00|
FOCO7.5W|198.00|105.00|38.00|0.00|4.00|23.00|4.00|6.00|1.00|0.00|0.00|0.00|0.00|0.00|0.00|
FOTODIODOAZUL|362.00|78.00|201.00|10.00|2.00|28.00|9.00|152.00|0.00|0.00|0.00|0.00|0.00|0.00|0.00|
FOTORES10M|34.00|0.00|3.00|1.00|2.00|0.00|0.00|0.00|0.00|0.00|0.00|0.00|0.00|0.00|0.00|
FOTORES2M|1031.00|57.00|215.00|0.00|9.00|46.00|72.00|88.00|0.00|0.00|0.00|0.00|0.00|0.00|0.00|
FOTOTRANSISTORNE|925.00|70.00|179.00|3.00|2.00|35.00|7.00|131.00|1.00|0.00|0.00|0.00|0.00|0.00|0.00|
FUENTEMULTIPLE|0.00|1.00|4.00|0.00|4.00|0.00|0.00|0.00|0.00|0.00|0.00|0.00|0.00|0.00|0.00|
FUENTEPROTO|18.00|2.00|2.00|0.00|0.00|2.00|0.00|0.00|0.00|0.00|0.00|0.00|0.00|0.00|0.00|
FUSIBLETERMICO-240|16.00|3.00|5.00|0.00|0.00|1.00|0.00|2.00|2.00|0.00|0.00|0.00|0.00|0.00|0.00|
GAL16V8|0.00|4.00|4.00|0.00|0.00|4.00|0.00|0.00|0.00|0.00|0.00|0.00|0.00|0.00|0.00|
GAL22V10-25LP|128.00|18.00|46.00|0.00|0.00|1.00|18.00|27.00|0.00|0.00|0.00|0.00|0.00|0.00|0.00|
GALGA-EXTENSIOMETRICA5K|(null)|0.00|1.00|0.00|0.00|1.00|0.00|0.00|0.00|0.00|0.00|0.00|0.00|0.00|0.00|
GOGGLES|10.00|3.00|1.00|0.00|0.00|0.00|1.00|0.00|0.00|0.00|0.00|0.00|0.00|0.00|0.00|
GRABADOR-MASTERPROG2|0.00|0.00|2.00|0.00|1.00|1.00|0.00|0.00|0.00|0.00|0.00|0.00|0.00|0.00|0.00|
GRASA|12.00|7.00|1.00|0.00|0.00|0.00|1.00|0.00|0.00|0.00|0.00|0.00|0.00|0.00|0.00|
GRUMER|135.00|0.00|1.00|0.00|1.00|0.00|0.00|0.00|0.00|0.00|0.00|0.00|0.00|0.00|0.00|
HEADERDOBL|254.00|9.00|1.00|1.00|0.00|0.00|0.00|0.00|0.00|0.00|0.00|0.00|0.00|0.00|0.00|
HEADERESCSEN|128.00|23.00|6.00|0.00|0.00|1.00|3.00|2.00|0.00|0.00|0.00|0.00|0.00|0.00|0.00|
HEADERHEMBRA|0.00|15.00|29.00|0.00|2.00|10.00|4.00|12.00|1.00|0.00|0.00|0.00|0.00|0.00|0.00|
HEADERSEN|241.00|13.00|35.00|1.00|5.00|13.00|5.00|10.00|1.00|0.00|0.00|0.00|0.00|0.00|0.00|
HEADERTORNEADO-40P|130.00|21.00|27.00|0.00|5.00|5.00|4.00|13.00|0.00|0.00|0.00|0.00|0.00|0.00|0.00|
HT12D|16.00|3.00|10.00|0.00|0.00|0.00|0.00|9.00|1.00|0.00|0.00|0.00|0.00|0.00|0.00|
HT12E|7.00|2.00|10.00|0.00|0.00|0.00|0.00|9.00|1.00|0.00|0.00|0.00|0.00|0.00|0.00|
IMANCIRCULARCHI|0.00|0.00|13.00|3.00|3.00|2.00|5.00|0.00|0.00|0.00|0.00|0.00|0.00|0.00|0.00|
IMANCIRCULARGDE|0.00|0.00|3.00|0.00|3.00|0.00|0.00|0.00|0.00|0.00|0.00|0.00|0.00|0.00|0.00|
IMANCIRCULARMED|57.00|9.00|24.00|0.00|2.00|1.00|16.00|5.00|0.00|0.00|0.00|0.00|0.00|0.00|0.00|
IMPRESIONLASER|(null)|0.00|1.00|0.00|0.00|1.00|0.00|0.00|0.00|0.00|0.00|0.00|0.00|0.00|0.00|
INTBALANCINMINI|131.00|12.00|21.00|0.00|0.00|1.00|4.00|16.00|0.00|0.00|0.00|0.00|0.00|0.00|0.00|
INTBALANCINMINIRO|30.00|0.00|10.00|0.00|0.00|1.00|2.00|4.00|3.00|0.00|0.00|0.00|0.00|0.00|0.00|
INTCHI|1814.00|164.00|21.00|5.00|3.00|1.00|3.00|9.00|0.00|0.00|0.00|0.00|0.00|0.00|0.00|
INTCOLADERATA2P|93.00|0.00|20.00|1.00|19.00|0.00|0.00|0.00|0.00|0.00|0.00|0.00|0.00|0.00|0.00|
INTCOLADERATA2P2T-2P|112.00|7.00|7.00|4.00|2.00|0.00|0.00|1.00|0.00|0.00|0.00|0.00|0.00|0.00|0.00|
INTCOLADERATA2P2T-3P|14.00|0.00|8.00|3.00|0.00|0.00|2.00|3.00|0.00|0.00|0.00|0.00|0.00|0.00|0.00|
INTCOLADERATA3P|125.00|12.00|49.00|4.00|18.00|5.00|3.00|19.00|0.00|0.00|0.00|0.00|0.00|0.00|0.00|
INTFOCONEON|0.00|0.00|1.00|0.00|1.00|0.00|0.00|0.00|0.00|0.00|0.00|0.00|0.00|0.00|0.00|
INTFOCONEONCHI|125.00|3.00|63.00|5.00|32.00|7.00|4.00|13.00|2.00|0.00|0.00|0.00|0.00|0.00|0.00|
INTPALANCA|52.00|5.00|52.00|3.00|1.00|28.00|2.00|18.00|0.00|0.00|0.00|0.00|0.00|0.00|0.00|
INTPALANCAGDE|5.00|9.00|9.00|0.00|0.00|3.00|2.00|4.00|0.00|0.00|0.00|0.00|0.00|0.00|0.00|
INTPALANCAMINI|19.00|0.00|24.00|7.00|0.00|1.00|2.00|14.00|0.00|0.00|0.00|0.00|0.00|0.00|0.00|
INTPROTO|1704.00|131.00|29.00|1.00|2.00|8.00|3.00|15.00|0.00|0.00|0.00|0.00|0.00|0.00|0.00|
IRF510|232.00|6.00|12.00|0.00|0.00|6.00|6.00|0.00|0.00|0.00|0.00|0.00|0.00|0.00|0.00|
IRF520|20.00|7.00|2.00|0.00|0.00|2.00|0.00|0.00|0.00|0.00|0.00|0.00|0.00|0.00|0.00|
IRF530|99.00|6.00|23.00|0.00|0.00|0.00|15.00|6.00|2.00|0.00|0.00|0.00|0.00|0.00|0.00|
IRF540|87.00|5.00|1.00|0.00|1.00|0.00|0.00|0.00|0.00|0.00|0.00|0.00|0.00|0.00|0.00|
IRF610|0.00|19.00|1.00|0.00|0.00|0.00|0.00|1.00|0.00|0.00|0.00|0.00|0.00|0.00|0.00|
IRF630|108.00|0.00|9.00|0.00|1.00|8.00|0.00|0.00|0.00|0.00|0.00|0.00|0.00|0.00|0.00|
IRF644|5.00|0.00|3.00|0.00|0.00|0.00|0.00|3.00|0.00|0.00|0.00|0.00|0.00|0.00|0.00|
IRF740|0.00|1.00|1.00|0.00|0.00|0.00|0.00|1.00|0.00|0.00|0.00|0.00|0.00|0.00|0.00|
IRF830|188.00|15.00|23.00|0.00|2.00|14.00|7.00|0.00|0.00|0.00|0.00|0.00|0.00|0.00|0.00|
IRFZ24|28.00|2.00|1.00|0.00|0.00|0.00|1.00|0.00|0.00|0.00|0.00|0.00|0.00|0.00|0.00|
IRFZ44N|128.00|19.00|19.00|0.00|1.00|8.00|5.00|5.00|0.00|0.00|0.00|0.00|0.00|0.00|0.00|
JACK3.5MM-MON0|(null)|0.00|1.00|0.00|0.00|0.00|0.00|1.00|0.00|0.00|0.00|0.00|0.00|0.00|0.00|
JACK3.5MM/CHASIS|47.00|4.00|12.00|0.00|1.00|0.00|0.00|11.00|0.00|0.00|0.00|0.00|0.00|0.00|0.00|
JACK3.5MM/CHASIS-01|0.00|0.00|27.00|0.00|0.00|0.00|10.00|17.00|0.00|0.00|0.00|0.00|0.00|0.00|0.00|
JACKINVERTIDO2MM|0.00|19.00|54.00|2.00|34.00|3.00|7.00|8.00|0.00|0.00|0.00|0.00|0.00|0.00|0.00|
JGOCAIMANESCHI|118.00|17.00|99.50|6.00|39.50|15.00|6.00|33.00|0.00|0.00|0.00|0.00|0.00|0.00|0.00|
JGODERUEDASCHI|7.00|10.00|7.00|0.00|0.00|0.00|3.00|4.00|0.00|0.00|0.00|0.00|0.00|0.00|0.00|
JGODERUEDASGDES|37.50|4.50|21.50|2.00|3.50|3.00|5.00|8.00|0.00|0.00|0.00|0.00|0.00|0.00|0.00|
JGODESARMADORES6|18.00|2.00|1.00|1.00|0.00|0.00|0.00|0.00|0.00|0.00|0.00|0.00|0.00|0.00|0.00|
JGODESARMADORES6-P|16.00|1.00|1.00|1.00|0.00|0.00|0.00|0.00|0.00|0.00|0.00|0.00|0.00|0.00|0.00|
JOYSTICK|50.00|10.00|16.00|0.00|0.00|1.00|9.00|6.00|0.00|0.00|0.00|0.00|0.00|0.00|0.00|
JUMPERDUPONTH-H10CM|129.00|0.00|2.00|1.00|0.00|1.00|0.00|0.00|0.00|0.00|0.00|0.00|0.00|0.00|0.00|
JUMPERDUPONTH-H20CM|69.50|21.50|14.00|0.00|2.00|2.00|3.00|6.50|0.50|0.00|0.00|0.00|0.00|0.00|0.00|
JUMPERDUPONTH-M10CM|404.50|5.50|7.00|0.00|1.50|2.00|0.50|3.00|0.00|0.00|0.00|0.00|0.00|0.00|0.00|
JUMPERDUPONTH-M20CM|212.00|12.00|36.00|1.00|3.00|8.00|9.50|14.50|0.00|0.00|0.00|0.00|0.00|0.00|0.00|
JUMPERDUPONTM-M10CM|393.75|9.00|47.00|4.00|13.00|17.00|7.00|6.00|0.00|0.00|0.00|0.00|0.00|0.00|0.00|
JUMPERDUPONTM-M20CM|596.50|0.00|123.50|2.00|47.00|34.50|12.00|27.50|0.50|0.00|0.00|0.00|0.00|0.00|0.00|
JUMPERH-M20CM|25.00|1.00|15.00|0.00|6.00|9.00|0.00|0.00|0.00|0.00|0.00|0.00|0.00|0.00|0.00|
JUMPERM-M10CM|34.00|2.00|3.00|0.00|0.00|0.00|0.00|3.00|0.00|0.00|0.00|0.00|0.00|0.00|0.00|
JUMPERM-M20CM|76.00|20.00|24.00|2.00|10.00|0.00|10.00|2.00|0.00|0.00|0.00|0.00|0.00|0.00|0.00|
JUMPERS|1098.00|0.00|16.00|0.00|0.00|4.00|1.00|11.00|0.00|0.00|0.00|0.00|0.00|0.00|0.00|
KA2284|1.00|1.00|1.00|0.00|1.00|0.00|0.00|0.00|0.00|0.00|0.00|0.00|0.00|0.00|0.00|
KITSOLDADURA|48.00|16.00|2.00|2.00|0.00|0.00|0.00|0.00|0.00|0.00|0.00|0.00|0.00|0.00|0.00|
KITTRA12V5A|5.00|0.00|17.00|0.00|15.00|2.00|0.00|0.00|0.00|0.00|0.00|0.00|0.00|0.00|0.00|
KOLALOKA|2.00|3.00|9.00|0.00|0.00|0.00|2.00|7.00|0.00|0.00|0.00|0.00|0.00|0.00|0.00|
KULKA|8.00|7.50|37.00|0.00|3.00|27.00|4.00|3.00|0.00|0.00|0.00|0.00|0.00|0.00|0.00|
KULKA-03|15.00|0.00|12.00|10.00|0.00|2.00|0.00|0.00|0.00|0.00|0.00|0.00|0.00|0.00|0.00|
L293B|1.00|33.00|22.00|0.00|1.00|0.00|10.00|11.00|0.00|0.00|0.00|0.00|0.00|0.00|0.00|
L293D|17.00|11.00|84.00|2.00|10.00|34.00|14.00|24.00|0.00|0.00|0.00|0.00|0.00|0.00|0.00|
L298|1.00|1.00|1.00|0.00|0.00|1.00|0.00|0.00|0.00|0.00|0.00|0.00|0.00|0.00|0.00|
LAMPARA12V|55.00|38.00|41.00|0.00|24.00|13.00|0.00|4.00|0.00|0.00|0.00|0.00|0.00|0.00|0.00|
LCD16X2C/LUZ|66.00|2.00|45.00|5.00|2.00|2.00|8.00|28.00|0.00|0.00|0.00|0.00|0.00|0.00|0.00|
LEDA|6678.00|947.00|461.00|67.00|86.00|144.00|71.00|91.00|2.00|0.00|0.00|0.00|0.00|0.00|0.00|
LEDAZUL|1673.00|150.00|664.00|59.00|185.00|169.00|37.00|210.00|4.00|0.00|0.00|0.00|0.00|0.00|0.00|
LEDB|9964.00|116.00|520.00|48.00|154.00|113.00|15.00|186.00|4.00|0.00|0.00|0.00|0.00|0.00|0.00|
LEDBICOLOR|0.00|0.00|14.00|0.00|0.00|14.00|0.00|0.00|0.00|0.00|0.00|0.00|0.00|0.00|0.00|
LEDJUMBOULTRABL|50.00|0.00|4.00|0.00|0.00|0.00|1.00|2.00|1.00|0.00|0.00|0.00|0.00|0.00|0.00|
LEDJUMBOULTRANAR|3.00|0.00|5.00|0.00|0.00|0.00|0.00|3.00|2.00|0.00|0.00|0.00|0.00|0.00|0.00|
LEDN|799.00|0.00|434.00|39.00|162.00|99.00|34.00|100.00|0.00|0.00|0.00|0.00|0.00|0.00|0.00|
LEDPOTENCIA1W-BLA|564.00|0.00|4.00|0.00|3.00|1.00|0.00|0.00|0.00|0.00|0.00|0.00|0.00|0.00|0.00|
LEDPOTENCIA3WBLA|39.00|22.00|1.00|1.00|0.00|0.00|0.00|0.00|0.00|0.00|0.00|0.00|0.00|0.00|0.00|
LEDR|2110.00|110.00|1663.00|109.00|368.00|447.00|244.00|482.00|13.00|0.00|0.00|0.00|0.00|0.00|0.00|
LEDRGB2P|760.00|21.00|6.00|0.00|5.00|1.00|0.00|0.00|0.00|0.00|0.00|0.00|0.00|0.00|0.00|
LEDRGB4PANODO|594.00|12.00|6.00|1.00|0.00|3.00|0.00|2.00|0.00|0.00|0.00|0.00|0.00|0.00|0.00|
LEDRGB4PCATODO|275.00|12.00|2.00|0.00|2.00|0.00|0.00|0.00|0.00|0.00|0.00|0.00|0.00|0.00|0.00|
LEDULTRAAZUL|1221.00|80.00|109.00|24.00|29.00|15.00|13.00|28.00|0.00|0.00|0.00|0.00|0.00|0.00|0.00|
LEDULTRABLA|8198.00|72.00|208.00|71.00|33.00|24.00|7.00|73.00|0.00|0.00|0.00|0.00|0.00|0.00|0.00|
LEDULTRAROJO|815.00|0.00|35.00|22.00|3.00|3.00|0.00|7.00|0.00|0.00|0.00|0.00|0.00|0.00|0.00|
LEDULTRAROSA|946.00|154.00|1.00|0.00|0.00|0.00|0.00|1.00|0.00|0.00|0.00|0.00|0.00|0.00|0.00|
LEDULTRAVER|840.00|204.00|66.00|23.00|3.00|11.00|0.00|29.00|0.00|0.00|0.00|0.00|0.00|0.00|0.00|
LEDULTRAVIOLETA|532.00|1.00|14.00|4.00|0.00|0.00|5.00|5.00|0.00|0.00|0.00|0.00|0.00|0.00|0.00|
LEDV|6663.00|166.00|1030.00|194.00|269.00|250.00|67.00|249.00|1.00|0.00|0.00|0.00|0.00|0.00|0.00|
LENTES|8.00|2.00|8.00|3.00|3.00|1.00|1.00|0.00|0.00|0.00|0.00|0.00|0.00|0.00|0.00|
LF33CV|20.00|11.00|4.00|0.00|0.00|1.00|1.00|2.00|0.00|0.00|0.00|0.00|0.00|0.00|0.00|
LF351|24.00|2.00|1.00|1.00|0.00|0.00|0.00|0.00|0.00|0.00|0.00|0.00|0.00|0.00|0.00|
LF411|0.00|1.00|1.00|1.00|0.00|0.00|0.00|0.00|0.00|0.00|0.00|0.00|0.00|0.00|0.00|
LIJADEAGUA400|0.00|0.00|5.00|0.00|0.00|3.00|0.00|2.00|0.00|0.00|0.00|0.00|0.00|0.00|0.00|
LIJADEAGUA600|31.00|0.00|4.00|0.00|0.00|0.00|0.00|4.00|0.00|0.00|0.00|0.00|0.00|0.00|0.00|
LLAVE2P6T|5.00|2.00|5.00|1.00|3.00|1.00|0.00|0.00|0.00|0.00|0.00|0.00|0.00|0.00|0.00|
LM301|47.00|9.00|1.00|0.00|0.00|0.00|0.00|1.00|0.00|0.00|0.00|0.00|0.00|0.00|0.00|
LM317T|444.00|42.00|236.00|0.00|53.00|66.00|69.00|48.00|0.00|0.00|0.00|0.00|0.00|0.00|0.00|
LM324|190.00|29.00|39.00|3.00|9.00|20.00|2.00|5.00|0.00|0.00|0.00|0.00|0.00|0.00|0.00|
LM337T|242.00|10.00|22.00|0.00|10.00|9.00|1.00|2.00|0.00|0.00|0.00|0.00|0.00|0.00|0.00|
LM35|297.00|1.00|54.00|4.00|9.00|3.00|14.00|24.00|0.00|0.00|0.00|0.00|0.00|0.00|0.00|
LM350T|10.00|0.00|1.00|0.00|0.00|0.00|0.00|1.00|0.00|0.00|0.00|0.00|0.00|0.00|0.00|
LM358|425.00|9.00|12.00|0.00|0.00|2.00|3.00|7.00|0.00|0.00|0.00|0.00|0.00|0.00|0.00|
LM386|221.00|8.00|5.00|0.00|2.00|2.00|0.00|1.00|0.00|0.00|0.00|0.00|0.00|0.00|0.00|
LM3914|0.00|20.00|8.00|0.00|0.00|0.00|2.00|5.00|1.00|0.00|0.00|0.00|0.00|0.00|0.00|
LM3915|22.00|4.00|1.00|0.00|0.00|0.00|0.00|1.00|0.00|0.00|0.00|0.00|0.00|0.00|0.00|
LM741|1757.00|36.00|201.00|9.00|14.00|42.00|38.00|98.00|0.00|0.00|0.00|0.00|0.00|0.00|0.00|
LM7805|377.00|61.00|216.00|25.00|47.00|77.00|22.00|42.00|3.00|0.00|0.00|0.00|0.00|0.00|0.00|
LM7805-MS|0.00|1.00|4.00|0.00|2.00|2.00|0.00|0.00|0.00|0.00|0.00|0.00|0.00|0.00|0.00|
LM7806|103.00|12.00|3.00|0.00|0.00|0.00|3.00|0.00|0.00|0.00|0.00|0.00|0.00|0.00|0.00|
LM7808|119.00|27.00|2.00|0.00|0.00|2.00|0.00|0.00|0.00|0.00|0.00|0.00|0.00|0.00|0.00|
LM7809|102.00|14.00|35.00|1.00|8.00|2.00|11.00|12.00|1.00|0.00|0.00|0.00|0.00|0.00|0.00|
LM7812|407.00|25.00|36.00|0.00|19.00|9.00|4.00|3.00|1.00|0.00|0.00|0.00|0.00|0.00|0.00|
LM7815|100.00|16.00|10.00|0.00|10.00|0.00|0.00|0.00|0.00|0.00|0.00|0.00|0.00|0.00|0.00|
LM7824|15.00|11.00|6.00|0.00|0.00|4.00|0.00|2.00|0.00|0.00|0.00|0.00|0.00|0.00|0.00|
LM7905|76.00|38.00|4.00|0.00|3.00|0.00|0.00|0.00|1.00|0.00|0.00|0.00|0.00|0.00|0.00|
LM7909|18.00|12.00|2.00|0.00|1.00|0.00|0.00|1.00|0.00|0.00|0.00|0.00|0.00|0.00|0.00|
LM7912|34.00|20.00|7.00|0.00|0.00|1.00|0.00|6.00|0.00|0.00|0.00|0.00|0.00|0.00|0.00|
LM7924|27.00|9.00|1.00|0.00|0.00|1.00|0.00|0.00|0.00|0.00|0.00|0.00|0.00|0.00|0.00|
MAC12|3.00|4.00|2.00|0.00|0.00|2.00|0.00|0.00|0.00|0.00|0.00|0.00|0.00|0.00|0.00|
MAC218|3.00|3.00|35.00|0.00|0.00|22.00|11.00|2.00|0.00|0.00|0.00|0.00|0.00|0.00|0.00|
MAC223|0.00|0.00|9.00|2.00|0.00|0.00|0.00|7.00|0.00|0.00|0.00|0.00|0.00|0.00|0.00|
MAGNETO18|421.00|16.00|396.00|110.50|230.00|2.00|42.00|11.50|0.00|0.00|0.00|0.00|0.00|0.00|0.00|
MAGNETO20|423.00|0.00|50.00|50.00|0.00|0.00|0.00|0.00|0.00|0.00|0.00|0.00|0.00|0.00|0.00|
MAGNETO22|694.00|10.00|266.50|0.00|0.00|80.00|120.50|66.00|0.00|0.00|0.00|0.00|0.00|0.00|0.00|
MAGNETO24|389.00|41.00|211.00|15.00|27.00|12.00|117.00|40.00|0.00|0.00|0.00|0.00|0.00|0.00|0.00|
MAGNETO28|2507.00|0.00|217.00|0.00|0.00|40.00|177.00|0.00|0.00|0.00|0.00|0.00|0.00|0.00|0.00|
MAGNETO30|2584.00|0.00|50.00|0.00|0.00|0.00|50.00|0.00|0.00|0.00|0.00|0.00|0.00|0.00|0.00|
MALLA|9.00|1.00|13.00|3.00|6.00|3.00|1.00|0.00|0.00|0.00|0.00|0.00|0.00|0.00|0.00|
MAX232|1.00|0.00|3.00|0.00|0.00|0.00|0.00|3.00|0.00|0.00|0.00|0.00|0.00|0.00|0.00|
MBIPOLAR-02|24.00|0.00|21.00|0.00|1.00|9.00|4.00|7.00|0.00|0.00|0.00|0.00|0.00|0.00|0.00|
MCR100-6|30.00|51.00|1.00|1.00|0.00|0.00|0.00|0.00|0.00|0.00|0.00|0.00|0.00|0.00|0.00|
MICA-TO3|188.00|0.00|2.00|0.00|0.00|0.00|0.00|2.00|0.00|0.00|0.00|0.00|0.00|0.00|0.00|
MICATO-220|165.00|2.00|6.00|0.00|2.00|0.00|0.00|4.00|0.00|0.00|0.00|0.00|0.00|0.00|0.00|
MICROELEC|11.00|8.00|63.00|2.00|2.00|44.00|9.00|6.00|0.00|0.00|0.00|0.00|0.00|0.00|0.00|
MINIATRIL|3.00|0.00|2.00|2.00|0.00|0.00|0.00|0.00|0.00|0.00|0.00|0.00|0.00|0.00|0.00|
MINIBUZZER|646.00|38.00|52.00|4.00|2.00|7.00|6.00|33.00|0.00|0.00|0.00|0.00|0.00|0.00|0.00|
MINILEDA|0.00|0.00|10.00|0.00|0.00|10.00|0.00|0.00|0.00|0.00|0.00|0.00|0.00|0.00|0.00|
MINILEDAZUL|118.00|40.00|14.00|2.00|2.00|10.00|0.00|0.00|0.00|0.00|0.00|0.00|0.00|0.00|0.00|
MINILEDR|4197.00|0.00|10.00|0.00|0.00|10.00|0.00|0.00|0.00|0.00|0.00|0.00|0.00|0.00|0.00|
MINILEDV|598.00|3.00|10.00|0.00|0.00|10.00|0.00|0.00|0.00|0.00|0.00|0.00|0.00|0.00|0.00|
MINIMOTOR-01|50.00|0.00|3.00|0.00|0.00|0.00|1.00|2.00|0.00|0.00|0.00|0.00|0.00|0.00|0.00|
MINIMOTOR-02|60.00|0.00|5.00|0.00|0.00|0.00|1.00|4.00|0.00|0.00|0.00|0.00|0.00|0.00|0.00|
MINIP100K|610.00|90.00|39.00|0.00|0.00|4.00|8.00|26.00|1.00|0.00|0.00|0.00|0.00|0.00|0.00|
MINIP10K|0.00|12.00|44.00|1.00|1.00|7.00|27.00|7.00|1.00|0.00|0.00|0.00|0.00|0.00|0.00|
MINIP1K|243.00|37.00|16.00|0.00|0.00|13.00|3.00|0.00|0.00|0.00|0.00|0.00|0.00|0.00|0.00|
MINIP50K|177.00|30.00|2.00|1.00|0.00|0.00|1.00|0.00|0.00|0.00|0.00|0.00|0.00|0.00|0.00|
MINIPROTO|270.00|0.00|18.00|1.00|1.00|3.00|2.00|11.00|0.00|0.00|0.00|0.00|0.00|0.00|0.00|
MINISERVO|54.00|0.00|40.00|1.00|1.00|13.00|11.00|14.00|0.00|0.00|0.00|0.00|0.00|0.00|0.00|
MOC3010|137.00|8.00|11.00|1.00|1.00|9.00|0.00|0.00|0.00|0.00|0.00|0.00|0.00|0.00|0.00|
MOC3011|342.00|25.00|22.00|0.00|0.00|2.00|6.00|14.00|0.00|0.00|0.00|0.00|0.00|0.00|0.00|
MOC3020|93.00|10.00|4.00|0.00|0.00|2.00|0.00|2.00|0.00|0.00|0.00|0.00|0.00|0.00|0.00|
MOC3021|248.00|6.00|12.00|0.00|1.00|2.00|0.00|9.00|0.00|0.00|0.00|0.00|0.00|0.00|0.00|
MOC3030|15.00|4.00|10.00|0.00|0.00|0.00|5.00|5.00|0.00|0.00|0.00|0.00|0.00|0.00|0.00|
MOC3031|92.00|5.00|6.00|0.00|0.00|0.00|3.00|3.00|0.00|0.00|0.00|0.00|0.00|0.00|0.00|
MODULO-DC/DC|42.00|8.00|3.00|0.00|0.00|0.00|0.00|3.00|0.00|0.00|0.00|0.00|0.00|0.00|0.00|
MODULO-DRIVERA4988|50.00|7.00|7.00|0.00|0.00|2.00|0.00|5.00|0.00|0.00|0.00|0.00|0.00|0.00|0.00|
MODULO-ENCODER|42.00|6.00|7.00|0.00|0.00|1.00|1.00|5.00|0.00|0.00|0.00|0.00|0.00|0.00|0.00|
MODULO-HX711|28.00|1.00|1.00|0.00|0.00|1.00|0.00|0.00|0.00|0.00|0.00|0.00|0.00|0.00|0.00|
MODULO-I2C|51.00|9.00|3.00|0.00|0.00|0.00|0.00|3.00|0.00|0.00|0.00|0.00|0.00|0.00|0.00|
MODULO-L293D|20.00|5.00|3.00|1.00|2.00|0.00|0.00|0.00|0.00|0.00|0.00|0.00|0.00|0.00|0.00|
MODULO-LASSER|32.00|2.00|1.00|0.00|0.00|0.00|1.00|0.00|0.00|0.00|0.00|0.00|0.00|0.00|0.00|
MODULO-MICROSD|58.00|2.00|2.00|0.00|0.00|0.00|0.00|2.00|0.00|0.00|0.00|0.00|0.00|0.00|0.00|
MODULO-PUENTEH|65.00|4.00|16.00|0.00|0.00|9.00|0.00|7.00|0.00|0.00|0.00|0.00|0.00|0.00|0.00|
MODULO-REELE1C|105.00|4.00|7.00|0.00|1.00|0.00|0.00|6.00|0.00|0.00|0.00|0.00|0.00|0.00|0.00|
MODULO-REELE2C|50.00|1.00|11.00|1.00|8.00|0.00|1.00|1.00|0.00|0.00|0.00|0.00|0.00|0.00|0.00|
MODULO-REELE4C|37.00|4.00|6.00|1.00|2.00|1.00|1.00|1.00|0.00|0.00|0.00|0.00|0.00|0.00|0.00|
MODULO-REELE8C|1.00|0.00|5.00|0.00|2.00|2.00|1.00|0.00|0.00|0.00|0.00|0.00|0.00|0.00|0.00|
MODULO-RELOJ|18.00|4.00|4.00|0.00|0.00|1.00|0.00|3.00|0.00|0.00|0.00|0.00|0.00|0.00|0.00|
MODULO-RF433MHZ|110.00|2.00|13.00|0.00|0.00|0.00|0.00|12.00|1.00|0.00|0.00|0.00|0.00|0.00|0.00|
MODULO-RGP|109.00|4.00|7.00|2.00|0.00|0.00|1.00|4.00|0.00|0.00|0.00|0.00|0.00|0.00|0.00|
MODULO-ULN2003|35.50|6.00|15.50|0.00|0.50|8.00|6.00|1.00|0.00|0.00|0.00|0.00|0.00|0.00|0.00|
MODULO-USB/TTL|21.00|4.00|2.00|0.00|1.00|0.00|1.00|0.00|0.00|0.00|0.00|0.00|0.00|0.00|0.00|
MODULO-WIFI|23.00|0.00|2.00|1.00|0.00|0.00|1.00|0.00|0.00|0.00|0.00|0.00|0.00|0.00|0.00|
MOLEX2H|1576.00|18.00|4.00|0.00|0.00|4.00|0.00|0.00|0.00|0.00|0.00|0.00|0.00|0.00|0.00|
MOLEX2M|1652.00|4.00|4.00|0.00|0.00|4.00|0.00|0.00|0.00|0.00|0.00|0.00|0.00|0.00|0.00|
MOLEX3H|1645.00|1.00|2.00|0.00|0.00|2.00|0.00|0.00|0.00|0.00|0.00|0.00|0.00|0.00|0.00|
MOLEX3M|1664.00|0.00|5.00|0.00|0.00|2.00|3.00|0.00|0.00|0.00|0.00|0.00|0.00|0.00|0.00|
MOLEX4M|1714.00|5.00|1.00|0.00|0.00|0.00|0.00|1.00|0.00|0.00|0.00|0.00|0.00|0.00|0.00|
MOLEX5H|1835.00|8.00|1.00|0.00|0.00|0.00|0.00|1.00|0.00|0.00|0.00|0.00|0.00|0.00|0.00|
MOLEX5M|1704.00|4.00|1.00|0.00|0.00|0.00|0.00|1.00|0.00|0.00|0.00|0.00|0.00|0.00|0.00|
MOLEX8H|3.00|3.00|5.00|0.00|0.00|0.00|0.00|5.00|0.00|0.00|0.00|0.00|0.00|0.00|0.00|
MOLEX8M|0.00|1.00|5.00|0.00|0.00|0.00|0.00|5.00|0.00|0.00|0.00|0.00|0.00|0.00|0.00|
MOTOR12VAMA|0.00|0.00|51.00|0.00|9.00|24.00|5.00|13.00|0.00|0.00|0.00|0.00|0.00|0.00|0.00|
MOTOR5V|344.00|8.00|124.00|6.00|6.00|63.00|10.00|38.00|1.00|0.00|0.00|0.00|0.00|0.00|0.00|
MOTOR9V|0.00|0.00|14.00|0.00|0.00|0.00|0.00|14.00|0.00|0.00|0.00|0.00|0.00|0.00|0.00|
MOTOREDUCTORI |533.00|12.00|113.00|6.00|15.00|16.00|23.00|53.00|0.00|0.00|0.00|0.00|0.00|0.00|0.00|
MOTORGDE12V|800.00|20.00|96.00|5.00|22.00|36.00|13.00|20.00|0.00|0.00|0.00|0.00|0.00|0.00|0.00|
MOTORNEMA|2.00|0.00|11.00|0.00|2.00|5.00|2.00|2.00|0.00|0.00|0.00|0.00|0.00|0.00|0.00|
MOTORNEMA23|3.00|1.00|4.00|0.00|0.00|3.00|1.00|0.00|0.00|0.00|0.00|0.00|0.00|0.00|0.00|
MOTORNEMACHI|1.00|0.00|4.00|0.00|0.00|0.00|0.00|4.00|0.00|0.00|0.00|0.00|0.00|0.00|0.00|
MPS2222A|1433.00|34.00|414.00|24.00|28.00|111.00|73.00|178.00|0.00|0.00|0.00|0.00|0.00|0.00|0.00|
MUL-005|11.00|3.00|19.00|1.00|14.00|3.00|0.00|1.00|0.00|0.00|0.00|0.00|0.00|0.00|0.00|
MUL-312|7.00|0.00|2.00|0.00|0.00|2.00|0.00|0.00|0.00|0.00|0.00|0.00|0.00|0.00|0.00|
MUNIPOLAR-02|98.00|2.00|2.00|0.00|0.00|1.00|0.00|1.00|0.00|0.00|0.00|0.00|0.00|0.00|0.00|
NE555|1387.00|39.00|412.00|12.00|35.00|110.00|118.00|136.00|1.00|0.00|0.00|0.00|0.00|0.00|0.00|
NEODIMIO1.5x1.5x0.8|0.00|0.00|5.00|0.00|2.00|1.00|2.00|0.00|0.00|0.00|0.00|0.00|0.00|0.00|0.00|
NEODIMIOMINI|0.00|0.00|14.00|0.00|5.00|0.00|0.00|9.00|0.00|0.00|0.00|0.00|0.00|0.00|0.00|
NEODIMIOREDONDO|0.00|0.00|1.00|0.00|0.00|0.00|1.00|0.00|0.00|0.00|0.00|0.00|0.00|0.00|0.00|
NEONDESNUDO|68.00|21.00|8.00|4.00|1.00|1.00|2.00|0.00|0.00|0.00|0.00|0.00|0.00|0.00|0.00|
NEONENCAPSULADO-R|9.00|18.00|24.00|0.00|0.00|10.00|3.00|11.00|0.00|0.00|0.00|0.00|0.00|0.00|0.00|
NEONENCAPSULADO-V|4.00|8.00|34.00|0.00|0.00|12.00|4.00|18.00|0.00|0.00|0.00|0.00|0.00|0.00|0.00|
NUCLEOFERRIMED|24.00|11.00|1.00|0.00|0.00|0.00|0.00|1.00|0.00|0.00|0.00|0.00|0.00|0.00|0.00|
OA90|305.00|0.00|15.00|0.00|0.00|15.00|0.00|0.00|0.00|0.00|0.00|0.00|0.00|0.00|0.00|
OPTOIN|117.00|50.00|41.00|0.00|1.00|5.00|27.00|8.00|0.00|0.00|0.00|0.00|0.00|0.00|0.00|
ORGANIZADOR11|12.00|1.00|28.00|9.00|16.00|2.00|1.00|0.00|0.00|0.00|0.00|0.00|0.00|0.00|0.00|
ORGANIZADOR13|13.00|1.00|34.00|13.00|11.00|10.00|0.00|0.00|0.00|0.00|0.00|0.00|0.00|0.00|0.00|
ORGANIZADOR15|10.00|0.00|13.00|5.00|7.00|1.00|0.00|0.00|0.00|0.00|0.00|0.00|0.00|0.00|0.00|
ORGANIZADOR17|4.00|1.00|1.00|0.00|1.00|0.00|0.00|0.00|0.00|0.00|0.00|0.00|0.00|0.00|0.00|
PAPELCOUCHE|815.00|0.00|30.00|0.00|0.00|12.00|2.00|10.00|6.00|0.00|0.00|0.00|0.00|0.00|0.00|
PAQARDUINO|-1.00|0.00|9.00|1.00|1.00|4.00|0.00|3.00|0.00|0.00|0.00|0.00|0.00|0.00|0.00|
PAQAUTV8|0.00|0.00|9.00|9.00|0.00|0.00|0.00|0.00|0.00|0.00|0.00|0.00|0.00|0.00|0.00|
PAQCOM|12.00|0.00|170.00|33.00|76.00|18.00|43.00|0.00|0.00|0.00|0.00|0.00|0.00|0.00|0.00|
PAQLEDS|0.00|0.00|7.00|0.00|0.00|5.00|0.00|1.00|1.00|0.00|0.00|0.00|0.00|0.00|0.00|
PAQMATV8|0.00|0.00|6.00|4.00|2.00|0.00|0.00|0.00|0.00|0.00|0.00|0.00|0.00|0.00|0.00|
PAQMATV8T|0.00|0.00|40.00|29.00|10.00|1.00|0.00|0.00|0.00|0.00|0.00|0.00|0.00|0.00|0.00|
PAQPIC16F84|0.00|0.00|80.00|15.00|4.00|48.00|0.00|13.00|0.00|0.00|0.00|0.00|0.00|0.00|0.00|
PAQPROTO|-6.00|0.00|17.00|3.00|7.00|3.00|3.00|1.00|0.00|0.00|0.00|0.00|0.00|0.00|0.00|
PAQRED01|92.00|0.00|6.00|4.00|2.00|0.00|0.00|0.00|0.00|0.00|0.00|0.00|0.00|0.00|0.00|
PASTA|32.00|3.00|33.00|3.00|13.00|4.00|5.00|8.00|0.00|0.00|0.00|0.00|0.00|0.00|0.00|
PC817|7.00|27.00|2.00|0.00|0.00|0.00|1.00|1.00|0.00|0.00|0.00|0.00|0.00|0.00|0.00|
PCAUTINAM|16.00|1.00|4.00|0.00|0.00|2.00|2.00|0.00|0.00|0.00|0.00|0.00|0.00|0.00|0.00|
PCAUTINAZ|1.00|2.00|2.00|1.00|0.00|0.00|0.00|1.00|0.00|0.00|0.00|0.00|0.00|0.00|0.00|
PERFOCEL60x60|6.00|1.00|2.00|0.00|0.00|0.00|0.00|2.00|0.00|0.00|0.00|0.00|0.00|0.00|0.00|
PERILLA|(null)|0.00|1.00|0.00|1.00|0.00|0.00|0.00|0.00|0.00|0.00|0.00|0.00|0.00|0.00|
PERILLAECONOMICA|142.00|31.00|31.00|3.00|7.00|6.00|11.00|4.00|0.00|0.00|0.00|0.00|0.00|0.00|0.00|
PIC12F629|0.00|1.00|1.00|0.00|0.00|0.00|0.00|1.00|0.00|0.00|0.00|0.00|0.00|0.00|0.00|
PIC16F1827|11.00|1.00|1.00|0.00|0.00|0.00|1.00|0.00|0.00|0.00|0.00|0.00|0.00|0.00|0.00|
PIC16F628|130.00|13.00|14.00|0.00|2.00|3.00|1.00|8.00|0.00|0.00|0.00|0.00|0.00|0.00|0.00|
PIC16F690|0.00|0.00|6.00|0.00|3.00|3.00|0.00|0.00|0.00|0.00|0.00|0.00|0.00|0.00|0.00|
PIC16F84|10.00|18.00|23.00|1.00|2.00|0.00|5.00|15.00|0.00|0.00|0.00|0.00|0.00|0.00|0.00|
PIC16F877A|150.00|1.00|9.00|0.00|0.00|1.00|0.00|8.00|0.00|0.00|0.00|0.00|0.00|0.00|0.00|
PIC16F886|94.00|5.00|2.00|0.00|0.00|0.00|0.00|2.00|0.00|0.00|0.00|0.00|0.00|0.00|0.00|
PIC16F887|97.00|7.00|61.00|7.00|20.00|6.00|9.00|18.00|1.00|0.00|0.00|0.00|0.00|0.00|0.00|
PIC18F4550|138.00|0.00|5.00|0.00|1.00|1.00|1.00|2.00|0.00|0.00|0.00|0.00|0.00|0.00|0.00|
PIEZOELECTRICO|195.00|10.00|34.00|0.00|1.00|18.00|7.00|8.00|0.00|0.00|0.00|0.00|0.00|0.00|0.00|
PILA-AAAVOLTECH|44.00|3.00|3.00|0.00|0.00|0.00|1.00|2.00|0.00|0.00|0.00|0.00|0.00|0.00|0.00|
PILA-AAVOLTECH|90.00|22.00|14.00|0.00|7.00|1.00|5.00|1.00|0.00|0.00|0.00|0.00|0.00|0.00|0.00|
PILA1.5V|20.00|17.00|8.00|0.00|2.00|4.00|0.00|2.00|0.00|0.00|0.00|0.00|0.00|0.00|0.00|
PILA3VCR2025|12.00|0.00|2.00|0.00|0.00|1.00|0.00|1.00|0.00|0.00|0.00|0.00|0.00|0.00|0.00|
PILA3VCR2032|13.00|10.00|19.00|3.00|5.00|7.00|0.00|4.00|0.00|0.00|0.00|0.00|0.00|0.00|0.00|
PILA9VRECARGABLE|10.00|2.00|3.00|0.00|0.00|2.00|0.00|1.00|0.00|0.00|0.00|0.00|0.00|0.00|0.00|
PILA9VVOLTECH|50.00|0.00|241.00|26.00|56.00|57.00|36.00|61.00|5.00|0.00|0.00|0.00|0.00|0.00|0.00|
PILAD1.5V|4.00|0.00|6.00|2.00|2.00|2.00|0.00|0.00|0.00|0.00|0.00|0.00|0.00|0.00|0.00|
PINZAS-RJ45|7.00|1.00|11.00|5.00|5.00|0.00|1.00|0.00|0.00|0.00|0.00|0.00|0.00|0.00|0.00|
PINZASCORTE|6.00|2.00|11.00|1.00|6.00|2.00|0.00|2.00|0.00|0.00|0.00|0.00|0.00|0.00|0.00|
PINZASPELACABLEAUTO|0.00|0.00|1.00|0.00|0.00|1.00|0.00|0.00|0.00|0.00|0.00|0.00|0.00|0.00|0.00|
PINZASPUNTA|14.00|7.00|7.00|0.00|3.00|2.00|0.00|1.00|1.00|0.00|0.00|0.00|0.00|0.00|0.00|
PINZASPUNTAYCORTE|18.00|2.00|29.00|10.00|12.00|3.00|0.00|4.00|0.00|0.00|0.00|0.00|0.00|0.00|0.00|
PLACA01CHALUPA|111.00|5.00|1.00|0.00|1.00|0.00|0.00|0.00|0.00|0.00|0.00|0.00|0.00|0.00|0.00|
PLACA10X10|257.00|2.00|41.00|3.00|6.00|4.00|1.00|27.00|0.00|0.00|0.00|0.00|0.00|0.00|0.00|
PLACA10X15|230.00|0.00|18.00|0.00|3.00|2.00|1.00|12.00|0.00|0.00|0.00|0.00|0.00|0.00|0.00|
PLACA10X15DC|18.00|0.00|1.00|0.00|0.00|0.00|0.00|1.00|0.00|0.00|0.00|0.00|0.00|0.00|0.00|
PLACA10X15FV|0.00|0.00|2.00|0.00|1.00|0.00|1.00|0.00|0.00|0.00|0.00|0.00|0.00|0.00|0.00|
PLACA10X20|0.00|0.00|1.00|0.00|0.00|0.00|0.00|1.00|0.00|0.00|0.00|0.00|0.00|0.00|0.00|
PLACA15X15|38.00|2.00|4.00|0.00|0.00|0.00|1.00|2.00|1.00|0.00|0.00|0.00|0.00|0.00|0.00|
PLACA20X20|30.00|0.00|3.00|0.00|0.00|2.00|0.00|1.00|0.00|0.00|0.00|0.00|0.00|0.00|0.00|
PLACA20X20DC|25.00|0.00|1.00|0.00|1.00|0.00|0.00|0.00|0.00|0.00|0.00|0.00|0.00|0.00|0.00|
PLACA30X30DC|0.00|0.00|1.00|0.00|0.00|0.00|0.00|1.00|0.00|0.00|0.00|0.00|0.00|0.00|0.00|
PLACA5X10|192.00|8.00|25.00|0.00|2.00|7.00|2.00|14.00|0.00|0.00|0.00|0.00|0.00|0.00|0.00|
PLACA5X10DC|57.00|3.00|5.00|0.00|1.00|2.00|2.00|0.00|0.00|0.00|0.00|0.00|0.00|0.00|0.00|
PLACA5X5|234.00|11.00|11.00|1.00|1.00|2.00|4.00|3.00|0.00|0.00|0.00|0.00|0.00|0.00|0.00|
PLACAPER5X10|40.00|11.00|32.00|5.00|4.00|9.00|3.00|11.00|0.00|0.00|0.00|0.00|0.00|0.00|0.00|
PLACAPER5X5|51.00|17.00|14.00|2.00|0.00|1.00|5.00|6.00|0.00|0.00|0.00|0.00|0.00|0.00|0.00|
PLACAPERF405|25.00|33.00|13.00|2.00|1.00|2.00|1.00|6.00|1.00|0.00|0.00|0.00|0.00|0.00|0.00|
PLACAPERF600|0.00|0.00|5.00|0.00|0.00|1.00|0.00|4.00|0.00|0.00|0.00|0.00|0.00|0.00|0.00|
PLACAPERFTPRO|0.00|0.00|14.00|1.00|10.00|3.00|0.00|0.00|0.00|0.00|0.00|0.00|0.00|0.00|0.00|
PLACAPERFTPRO-400|53.00|17.00|111.00|0.00|7.00|18.00|61.00|24.00|1.00|0.00|0.00|0.00|0.00|0.00|0.00|
PLUG3.5MM-ESTEREO|33.00|7.00|39.00|3.00|1.00|12.00|15.00|8.00|0.00|0.00|0.00|0.00|0.00|0.00|0.00|
PLUG3.5MM-MONO|52.00|4.00|2.00|0.00|2.00|0.00|0.00|0.00|0.00|0.00|0.00|0.00|0.00|0.00|0.00|
PLUG3.5MM-VIDEO|11.00|7.00|26.00|1.00|5.00|6.00|9.00|5.00|0.00|0.00|0.00|0.00|0.00|0.00|0.00|
PLUGCANNON|55.00|15.00|1.00|0.00|0.00|0.00|1.00|0.00|0.00|0.00|0.00|0.00|0.00|0.00|0.00|
PLUGINVERTIDO2.1MM|244.00|4.00|10.00|1.00|2.00|2.00|2.00|3.00|0.00|0.00|0.00|0.00|0.00|0.00|0.00|
PLUGRCA-N|1.00|2.00|2.00|0.00|0.00|0.00|0.00|2.00|0.00|0.00|0.00|0.00|0.00|0.00|0.00|
PLUGUSB|48.00|4.00|3.00|0.00|2.00|1.00|0.00|0.00|0.00|0.00|0.00|0.00|0.00|0.00|0.00|
POLEA01|0.00|0.00|12.00|0.00|0.00|0.00|4.00|8.00|0.00|0.00|0.00|0.00|0.00|0.00|0.00|
POLEA02|0.00|0.00|6.00|0.00|0.00|2.00|4.00|0.00|0.00|0.00|0.00|0.00|0.00|0.00|0.00|
PORTAFUAUTOMOTRIZ-TA|88.00|14.00|3.00|0.00|1.00|0.00|2.00|0.00|0.00|0.00|0.00|0.00|0.00|0.00|0.00|
PORTAFUPRESION-TA|42.00|19.00|3.00|1.00|2.00|0.00|0.00|0.00|0.00|0.00|0.00|0.00|0.00|0.00|0.00|
PORTAFUPRESION-TE|53.00|0.00|11.00|6.00|4.00|0.00|0.00|1.00|0.00|0.00|0.00|0.00|0.00|0.00|0.00|
PORTAFUROSCA-TA|23.00|0.00|9.00|2.00|4.00|2.00|0.00|1.00|0.00|0.00|0.00|0.00|0.00|0.00|0.00|
PORTAFUROSCA-TE|78.00|0.00|45.00|12.00|9.00|6.00|11.00|7.00|0.00|0.00|0.00|0.00|0.00|0.00|0.00|
PORTAPILA2-M|27.00|22.00|8.00|0.00|4.00|0.00|2.00|2.00|0.00|0.00|0.00|0.00|0.00|0.00|0.00|
PORTAPILA4-M|33.00|10.00|3.00|0.00|1.00|1.00|0.00|0.00|1.00|0.00|0.00|0.00|0.00|0.00|0.00|
PORTAPILAPLANA|46.00|11.00|2.00|0.00|0.00|1.00|0.00|1.00|0.00|0.00|0.00|0.00|0.00|0.00|0.00|
POT100K|0.00|36.00|171.00|4.00|20.00|65.00|28.00|51.00|3.00|0.00|0.00|0.00|0.00|0.00|0.00|
POT10K|720.00|8.00|235.00|12.00|51.00|37.00|53.00|80.00|2.00|0.00|0.00|0.00|0.00|0.00|0.00|
POT10K2W|81.00|3.00|1.00|0.00|0.00|1.00|0.00|0.00|0.00|0.00|0.00|0.00|0.00|0.00|0.00|
POT1K|46.00|16.00|43.00|2.00|11.00|18.00|5.00|6.00|1.00|0.00|0.00|0.00|0.00|0.00|0.00|
POT1M|122.00|14.00|78.00|1.00|12.00|6.00|6.00|53.00|0.00|0.00|0.00|0.00|0.00|0.00|0.00|
POT20K|89.00|15.00|21.00|1.00|0.00|5.00|0.00|15.00|0.00|0.00|0.00|0.00|0.00|0.00|0.00|
POT250K|22.00|15.00|10.00|3.00|1.00|4.00|0.00|2.00|0.00|0.00|0.00|0.00|0.00|0.00|0.00|
POT2K|87.00|29.00|18.00|0.00|18.00|0.00|0.00|0.00|0.00|0.00|0.00|0.00|0.00|0.00|0.00|
POT500K|318.00|16.00|16.00|0.00|0.00|7.00|1.00|7.00|1.00|0.00|0.00|0.00|0.00|0.00|0.00|
POT50K|13.00|27.00|135.00|1.00|22.00|27.00|52.00|33.00|0.00|0.00|0.00|0.00|0.00|0.00|0.00|
POT5K|943.00|35.00|183.00|8.00|33.00|37.00|63.00|41.00|1.00|0.00|0.00|0.00|0.00|0.00|0.00|
POT5K2W|(null)|0.00|5.00|0.00|0.00|5.00|0.00|0.00|0.00|0.00|0.00|0.00|0.00|0.00|0.00|
POTDOBLE10K|49.00|3.00|7.00|0.00|0.00|0.00|2.00|5.00|0.00|0.00|0.00|0.00|0.00|0.00|0.00|
PROBADOR-RJ45ECO|0.00|0.00|12.00|6.00|6.00|0.00|0.00|0.00|0.00|0.00|0.00|0.00|0.00|0.00|0.00|
PROTO-005|231.00|0.00|57.00|7.00|12.00|17.00|4.00|17.00|0.00|0.00|0.00|0.00|0.00|0.00|0.00|
PROTO-016|618.00|18.00|172.00|55.00|67.00|25.00|10.00|14.00|1.00|0.00|0.00|0.00|0.00|0.00|0.00|
PROTO-102|557.00|8.00|141.00|17.00|48.00|51.00|10.00|14.00|1.00|0.00|0.00|0.00|0.00|0.00|0.00|
PROTO-103|20.00|6.00|56.00|0.00|17.00|16.00|13.00|10.00|0.00|0.00|0.00|0.00|0.00|0.00|0.00|
PROYECTO|3.00|0.00|38.00|0.00|19.00|9.00|0.00|10.00|0.00|0.00|0.00|0.00|0.00|0.00|0.00|
PUEDIO25A|0.00|0.00|1.00|0.00|0.00|0.00|0.00|1.00|0.00|0.00|0.00|0.00|0.00|0.00|0.00|
PUEDIO2A|147.00|43.00|152.00|8.00|34.00|38.00|40.00|32.00|0.00|0.00|0.00|0.00|0.00|0.00|0.00|
PUEDIO35A|0.00|4.00|4.00|0.00|1.00|1.00|0.00|2.00|0.00|0.00|0.00|0.00|0.00|0.00|0.00|
PUEDIO4A|113.00|25.00|9.00|0.00|4.00|0.00|2.00|3.00|0.00|0.00|0.00|0.00|0.00|0.00|0.00|
PUEDIO6A|3.00|0.00|6.00|0.00|0.00|0.00|2.00|4.00|0.00|0.00|0.00|0.00|0.00|0.00|0.00|
PULSERA|0.00|8.00|7.00|1.00|0.00|1.00|2.00|3.00|0.00|0.00|0.00|0.00|0.00|0.00|0.00|
PUNTAMULTI|37.00|2.00|11.00|1.00|2.00|3.00|4.00|1.00|0.00|0.00|0.00|0.00|0.00|0.00|0.00|
PUNTAMULTI02|0.00|0.00|1.00|0.00|0.00|0.00|0.00|1.00|0.00|0.00|0.00|0.00|0.00|0.00|0.00|
PUNTAOSC2|1248.00|38.00|4.00|0.00|1.00|3.00|0.00|0.00|0.00|0.00|0.00|0.00|0.00|0.00|0.00|
PUNTB/B|62.00|5.00|24.00|0.00|13.00|7.00|0.00|4.00|0.00|0.00|0.00|0.00|0.00|0.00|0.00|
PUNTB/C|740.00|22.00|54.00|3.00|24.00|15.00|3.00|9.00|0.00|0.00|0.00|0.00|0.00|0.00|0.00|
PUNTBNC/BNC|243.00|17.00|1.00|0.00|1.00|0.00|0.00|0.00|0.00|0.00|0.00|0.00|0.00|0.00|0.00|
PUNTC/C|218.00|13.00|20.00|0.00|6.00|9.00|2.00|3.00|0.00|0.00|0.00|0.00|0.00|0.00|0.00|
PUSH2P|6493.00|198.00|915.00|72.00|166.00|232.00|140.00|297.00|8.00|0.00|0.00|0.00|0.00|0.00|0.00|
PUSH2P-MINI|98.00|13.00|5.00|0.00|0.00|0.00|0.00|5.00|0.00|0.00|0.00|0.00|0.00|0.00|0.00|
PUSH4P|2427.00|13.00|13.00|0.00|1.00|0.00|1.00|11.00|0.00|0.00|0.00|0.00|0.00|0.00|0.00|
PUSH4P/BOTON|0.00|0.00|2.00|0.00|0.00|0.00|2.00|0.00|0.00|0.00|0.00|0.00|0.00|0.00|0.00|
PUSH4PGDE|0.00|19.00|4.00|0.00|0.00|3.00|0.00|1.00|0.00|0.00|0.00|0.00|0.00|0.00|0.00|
PUSHCUADRADO|6.00|5.00|5.00|0.00|0.00|0.00|2.00|3.00|0.00|0.00|0.00|0.00|0.00|0.00|0.00|
PUSHGDE-AM|12.00|6.00|5.00|0.00|1.00|2.00|0.00|2.00|0.00|0.00|0.00|0.00|0.00|0.00|0.00|
PUSHGDE-AZ|11.00|4.00|3.00|0.00|2.00|1.00|0.00|0.00|0.00|0.00|0.00|0.00|0.00|0.00|0.00|
PUSHGDE-VER|4.00|7.00|5.00|0.00|0.00|3.00|0.00|2.00|0.00|0.00|0.00|0.00|0.00|0.00|0.00|
PUSHNEGRO|233.00|16.00|111.00|18.00|12.00|39.00|8.00|34.00|0.00|0.00|0.00|0.00|0.00|0.00|0.00|
PUSHROJO|131.00|37.00|84.00|19.00|8.00|25.00|10.00|21.00|1.00|0.00|0.00|0.00|0.00|0.00|0.00|
Q4010L5|3.00|0.00|1.00|0.00|0.00|1.00|0.00|0.00|0.00|0.00|0.00|0.00|0.00|0.00|0.00|
QRD1114|49.00|11.00|1.00|0.00|0.00|0.00|0.00|1.00|0.00|0.00|0.00|0.00|0.00|0.00|0.00|
R0.47w5|70.00|10.00|3.00|0.00|0.00|0.00|2.00|1.00|0.00|0.00|0.00|0.00|0.00|0.00|0.00|
R1.2Kw1|712.00|49.00|5.00|1.00|0.00|4.00|0.00|0.00|0.00|0.00|0.00|0.00|0.00|0.00|0.00|
R1.2Kw1/2|5183.00|175.00|281.00|15.00|30.00|170.00|15.00|51.00|0.00|0.00|0.00|0.00|0.00|0.00|0.00|
R1.2Kw2|484.00|0.00|1.00|0.00|0.00|0.00|1.00|0.00|0.00|0.00|0.00|0.00|0.00|0.00|0.00|
R1.2Mw1/2|3023.00|5.00|65.00|0.00|5.00|40.00|10.00|10.00|0.00|0.00|0.00|0.00|0.00|0.00|0.00|
R1.2w1/2|3700.00|335.00|35.00|0.00|0.00|0.00|0.00|35.00|0.00|0.00|0.00|0.00|0.00|0.00|0.00|
R1.5Kw1|4.00|0.00|2.00|1.00|0.00|1.00|0.00|0.00|0.00|0.00|0.00|0.00|0.00|0.00|0.00|
R1.5Kw1/2|7659.00|105.00|300.00|10.00|35.00|110.00|55.00|90.00|0.00|0.00|0.00|0.00|0.00|0.00|0.00|
R1.5Kw2|48.00|24.00|1.00|0.00|1.00|0.00|0.00|0.00|0.00|0.00|0.00|0.00|0.00|0.00|0.00|
R1.5Mw1/2|8000.00|200.00|5.00|5.00|0.00|0.00|0.00|0.00|0.00|0.00|0.00|0.00|0.00|0.00|0.00|
R1.5w1/2|5100.00|105.00|20.00|0.00|15.00|0.00|0.00|5.00|0.00|0.00|0.00|0.00|0.00|0.00|0.00|
R1.8Kw1/2|4905.00|230.00|150.00|5.00|10.00|20.00|0.00|115.00|0.00|0.00|0.00|0.00|0.00|0.00|0.00|
R1.8Mw1/2|8210.00|0.00|20.00|0.00|5.00|0.00|10.00|5.00|0.00|0.00|0.00|0.00|0.00|0.00|0.00|
R1.8w1/2|3525.00|340.00|30.00|0.00|15.00|0.00|0.00|15.00|0.00|0.00|0.00|0.00|0.00|0.00|0.00|
R100Kw1/2|13163.00|942.00|1255.00|50.00|140.00|225.00|350.00|485.00|5.00|0.00|0.00|0.00|0.00|0.00|0.00|
R100w1|784.00|82.00|88.00|20.00|44.00|2.00|9.00|13.00|0.00|0.00|0.00|0.00|0.00|0.00|0.00|
R100w1/2|9269.00|0.00|1221.00|110.00|278.00|292.00|160.00|381.00|0.00|0.00|0.00|0.00|0.00|0.00|0.00|
R100w10|75.00|18.00|24.00|0.00|14.00|0.00|0.00|10.00|0.00|0.00|0.00|0.00|0.00|0.00|0.00|
R100w2|282.00|27.00|1.00|0.00|0.00|1.00|0.00|0.00|0.00|0.00|0.00|0.00|0.00|0.00|0.00|
R100w25|218.00|30.00|27.00|0.00|0.00|18.00|9.00|0.00|0.00|0.00|0.00|0.00|0.00|0.00|0.00|
R10Kw1|431.00|10.00|15.00|0.00|7.00|8.00|0.00|0.00|0.00|0.00|0.00|0.00|0.00|0.00|0.00|
R10Kw1/2|40494.00|270.00|2733.00|131.00|441.00|575.00|550.00|1026.00|10.00|0.00|0.00|0.00|0.00|0.00|0.00|
R10Mw1/2|6860.00|402.00|70.00|0.00|45.00|0.00|10.00|15.00|0.00|0.00|0.00|0.00|0.00|0.00|0.00|
R10w1|727.00|0.00|25.00|25.00|0.00|0.00|0.00|0.00|0.00|0.00|0.00|0.00|0.00|0.00|0.00|
R10w1/2|5290.00|735.00|586.00|40.00|175.00|176.00|70.00|125.00|0.00|0.00|0.00|0.00|0.00|0.00|0.00|
R10w10|99.00|29.00|2.00|0.00|0.00|0.00|2.00|0.00|0.00|0.00|0.00|0.00|0.00|0.00|0.00|
R10w2|52.00|5.00|2.00|0.00|0.00|1.00|1.00|0.00|0.00|0.00|0.00|0.00|0.00|0.00|0.00|
R10w5|191.00|30.00|1.00|1.00|0.00|0.00|0.00|0.00|0.00|0.00|0.00|0.00|0.00|0.00|0.00|
R120Kw1/2|5575.00|120.00|125.00|20.00|10.00|55.00|25.00|15.00|0.00|0.00|0.00|0.00|0.00|0.00|0.00|
R120w1|521.00|5.00|4.00|0.00|0.00|0.00|0.00|4.00|0.00|0.00|0.00|0.00|0.00|0.00|0.00|
R120w1/2|5525.00|400.00|120.00|0.00|15.00|35.00|30.00|40.00|0.00|0.00|0.00|0.00|0.00|0.00|0.00|
R120w25|112.00|16.00|3.00|0.00|0.00|1.00|0.00|2.00|0.00|0.00|0.00|0.00|0.00|0.00|0.00|
R12Kw1/2|8805.00|120.00|130.00|0.00|5.00|50.00|50.00|25.00|0.00|0.00|0.00|0.00|0.00|0.00|0.00|
R12w1/2|3295.00|120.00|15.00|0.00|5.00|5.00|0.00|5.00|0.00|0.00|0.00|0.00|0.00|0.00|0.00|
R12w10|43.00|0.00|2.00|0.00|0.00|0.00|2.00|0.00|0.00|0.00|0.00|0.00|0.00|0.00|0.00|
R150Kw1/2|5220.00|82.00|120.00|10.00|40.00|35.00|0.00|35.00|0.00|0.00|0.00|0.00|0.00|0.00|0.00|
R150w1|569.00|13.00|2.00|0.00|0.00|0.00|0.00|2.00|0.00|0.00|0.00|0.00|0.00|0.00|0.00|
R150w1/2|4330.00|235.00|415.00|0.00|60.00|115.00|100.00|140.00|0.00|0.00|0.00|0.00|0.00|0.00|0.00|
R150w10|2.00|4.00|1.00|0.00|0.00|1.00|0.00|0.00|0.00|0.00|0.00|0.00|0.00|0.00|0.00|
R150w2|49.00|12.00|4.00|0.00|0.00|0.00|4.00|0.00|0.00|0.00|0.00|0.00|0.00|0.00|0.00|
R15Kw1/2|5754.00|450.00|355.00|45.00|70.00|120.00|45.00|75.00|0.00|0.00|0.00|0.00|0.00|0.00|0.00|
R15w1/2|7730.00|140.00|40.00|0.00|5.00|15.00|15.00|5.00|0.00|0.00|0.00|0.00|0.00|0.00|0.00|
R180Kw1/2|6515.00|65.00|30.00|0.00|20.00|5.00|0.00|5.00|0.00|0.00|0.00|0.00|0.00|0.00|0.00|
R180w1|622.00|48.00|2.00|0.00|0.00|0.00|0.00|2.00|0.00|0.00|0.00|0.00|0.00|0.00|0.00|
R180w1/2|18460.00|65.00|550.00|6.00|174.00|140.00|50.00|180.00|0.00|0.00|0.00|0.00|0.00|0.00|0.00|
R180w5|1.00|1.00|1.00|0.00|0.00|1.00|0.00|0.00|0.00|0.00|0.00|0.00|0.00|0.00|0.00|
R18Kw1|37.00|13.00|2.00|0.00|0.00|1.00|0.00|1.00|0.00|0.00|0.00|0.00|0.00|0.00|0.00|
R18Kw1/2|3975.00|180.00|160.00|0.00|15.00|95.00|15.00|30.00|5.00|0.00|0.00|0.00|0.00|0.00|0.00|
R18w1/2|3495.00|98.00|10.00|0.00|0.00|10.00|0.00|0.00|0.00|0.00|0.00|0.00|0.00|0.00|0.00|
R1Kw1|8.00|2.00|52.00|21.00|15.00|2.00|3.00|11.00|0.00|0.00|0.00|0.00|0.00|0.00|0.00|
R1Kw1/2|32689.00|710.00|5972.00|660.00|1130.00|1511.00|1455.00|1206.00|10.00|0.00|0.00|0.00|0.00|0.00|0.00|
R1Kw10|71.00|8.00|3.00|0.00|0.00|0.00|3.00|0.00|0.00|0.00|0.00|0.00|0.00|0.00|0.00|
R1Kw25|91.00|39.00|40.00|0.00|0.00|19.00|15.00|6.00|0.00|0.00|0.00|0.00|0.00|0.00|0.00|
R1Kw5|155.00|27.00|5.00|0.00|0.00|1.00|3.00|1.00|0.00|0.00|0.00|0.00|0.00|0.00|0.00|
R1Mw1|3.00|11.00|2.00|1.00|0.00|1.00|0.00|0.00|0.00|0.00|0.00|0.00|0.00|0.00|0.00|
R1Mw1/2|4509.00|177.00|300.00|20.00|90.00|40.00|25.00|125.00|0.00|0.00|0.00|0.00|0.00|0.00|0.00|
R1w1|411.00|16.00|5.00|1.00|1.00|2.00|0.00|1.00|0.00|0.00|0.00|0.00|0.00|0.00|0.00|
R1w1/2|681.00|25.00|116.00|22.00|55.00|25.00|5.00|9.00|0.00|0.00|0.00|0.00|0.00|0.00|0.00|
R1w10|88.00|4.00|10.00|1.00|0.00|2.00|0.00|7.00|0.00|0.00|0.00|0.00|0.00|0.00|0.00|
R1w2|20.00|2.00|3.00|0.00|0.00|0.00|0.00|3.00|0.00|0.00|0.00|0.00|0.00|0.00|0.00|
R2.2Kw1|352.00|24.00|23.00|0.00|0.00|22.00|0.00|1.00|0.00|0.00|0.00|0.00|0.00|0.00|0.00|
R2.2Kw1/2|11540.00|390.00|595.00|115.00|100.00|115.00|75.00|190.00|0.00|0.00|0.00|0.00|0.00|0.00|0.00|
R2.2Kw10|1.00|9.00|4.00|0.00|0.00|0.00|4.00|0.00|0.00|0.00|0.00|0.00|0.00|0.00|0.00|
R2.2Kw5|52.00|9.00|1.00|0.00|0.00|0.00|0.00|1.00|0.00|0.00|0.00|0.00|0.00|0.00|0.00|
R2.2Mw1/2|2975.00|45.00|45.00|0.00|20.00|5.00|10.00|10.00|0.00|0.00|0.00|0.00|0.00|0.00|0.00|
R2.2w1/2|4120.00|100.00|40.00|0.00|15.00|5.00|0.00|20.00|0.00|0.00|0.00|0.00|0.00|0.00|0.00|
R2.2w5|96.00|0.00|1.00|0.00|0.00|0.00|1.00|0.00|0.00|0.00|0.00|0.00|0.00|0.00|0.00|
R2.7Kw1/2|2905.00|395.00|210.00|0.00|5.00|70.00|60.00|70.00|5.00|0.00|0.00|0.00|0.00|0.00|0.00|
R2.7Mw1/2|4098.00|176.00|20.00|0.00|0.00|0.00|10.00|10.00|0.00|0.00|0.00|0.00|0.00|0.00|0.00|
R2.7w1/2|3145.00|95.00|10.00|0.00|5.00|0.00|0.00|5.00|0.00|0.00|0.00|0.00|0.00|0.00|0.00|
R220Kw1/2|7975.00|95.00|161.00|0.00|11.00|25.00|65.00|60.00|0.00|0.00|0.00|0.00|0.00|0.00|0.00|
R220w1|701.00|134.00|64.00|20.00|38.00|6.00|0.00|0.00|0.00|0.00|0.00|0.00|0.00|0.00|0.00|
R220w1/2|33294.00|1520.00|3201.00|275.00|888.00|892.00|400.00|746.00|0.00|0.00|0.00|0.00|0.00|0.00|0.00|
R220w10|160.00|10.00|4.00|0.00|1.00|2.00|1.00|0.00|0.00|0.00|0.00|0.00|0.00|0.00|0.00|
R220w2|160.00|2.00|16.00|0.00|11.00|3.00|2.00|0.00|0.00|0.00|0.00|0.00|0.00|0.00|0.00|
R220w25|24.00|10.00|3.00|0.00|0.00|1.00|0.00|2.00|0.00|0.00|0.00|0.00|0.00|0.00|0.00|
R220w5|128.00|15.00|8.00|0.00|0.00|2.00|6.00|0.00|0.00|0.00|0.00|0.00|0.00|0.00|0.00|
R22Kw1/2|3555.00|100.00|460.00|35.00|35.00|60.00|140.00|185.00|5.00|0.00|0.00|0.00|0.00|0.00|0.00|
R22Kw2|3.00|5.00|1.00|0.00|1.00|0.00|0.00|0.00|0.00|0.00|0.00|0.00|0.00|0.00|0.00|
R22w1/2|2930.00|100.00|50.00|0.00|35.00|0.00|0.00|15.00|0.00|0.00|0.00|0.00|0.00|0.00|0.00|
R22w10|3.00|9.00|14.00|0.00|12.00|2.00|0.00|0.00|0.00|0.00|0.00|0.00|0.00|0.00|0.00|
R22w25|47.00|5.00|25.00|0.00|13.00|0.00|2.00|10.00|0.00|0.00|0.00|0.00|0.00|0.00|0.00|
R270Kw1/2|6190.00|74.00|60.00|5.00|15.00|20.00|0.00|15.00|5.00|0.00|0.00|0.00|0.00|0.00|0.00|
R270w1|290.00|55.00|41.00|0.00|35.00|6.00|0.00|0.00|0.00|0.00|0.00|0.00|0.00|0.00|0.00|
R270w1/2|4725.00|140.00|323.00|20.00|118.00|70.00|10.00|105.00|0.00|0.00|0.00|0.00|0.00|0.00|0.00|
R27Kw1|19.00|19.00|1.00|0.00|0.00|1.00|0.00|0.00|0.00|0.00|0.00|0.00|0.00|0.00|0.00|
R27Kw1/2|10745.00|105.00|50.00|0.00|15.00|20.00|0.00|15.00|0.00|0.00|0.00|0.00|0.00|0.00|0.00|
R27w1|669.00|19.00|5.00|0.00|0.00|5.00|0.00|0.00|0.00|0.00|0.00|0.00|0.00|0.00|0.00|
R27w1/2|4610.00|503.00|85.00|0.00|45.00|25.00|0.00|15.00|0.00|0.00|0.00|0.00|0.00|0.00|0.00|
R3.3Kw1|678.00|2.00|1.00|1.00|0.00|0.00|0.00|0.00|0.00|0.00|0.00|0.00|0.00|0.00|0.00|
R3.3Kw1/2|9490.00|285.00|245.00|15.00|40.00|75.00|70.00|45.00|0.00|0.00|0.00|0.00|0.00|0.00|0.00|
R3.3Mw1/2|4655.00|85.00|30.00|0.00|5.00|5.00|10.00|10.00|0.00|0.00|0.00|0.00|0.00|0.00|0.00|
R3.3w1/2|2525.00|190.00|50.00|0.00|10.00|0.00|0.00|40.00|0.00|0.00|0.00|0.00|0.00|0.00|0.00|
R3.9Kw1/2|3459.00|160.00|85.00|0.00|10.00|15.00|45.00|15.00|0.00|0.00|0.00|0.00|0.00|0.00|0.00|
R3.9Mw1/2|2600.00|55.00|20.00|0.00|5.00|0.00|10.00|5.00|0.00|0.00|0.00|0.00|0.00|0.00|0.00|
R3.9w1/2|3310.00|0.00|5.00|0.00|5.00|0.00|0.00|0.00|0.00|0.00|0.00|0.00|0.00|0.00|0.00|
R330Kw1/2|50.00|560.00|145.00|35.00|30.00|35.00|10.00|35.00|0.00|0.00|0.00|0.00|0.00|0.00|0.00|
R330w1|452.00|41.00|2.00|0.00|2.00|0.00|0.00|0.00|0.00|0.00|0.00|0.00|0.00|0.00|0.00|
R330w1/2|30627.00|280.00|5958.00|560.00|2023.00|1515.00|845.00|1000.00|15.00|0.00|0.00|0.00|0.00|0.00|0.00|
R330w10|168.00|20.00|1.00|0.00|1.00|0.00|0.00|0.00|0.00|0.00|0.00|0.00|0.00|0.00|0.00|
R330w2|50.00|11.00|1.00|0.00|1.00|0.00|0.00|0.00|0.00|0.00|0.00|0.00|0.00|0.00|0.00|
R330w25|0.00|18.00|6.00|0.00|0.00|0.00|6.00|0.00|0.00|0.00|0.00|0.00|0.00|0.00|0.00|
R33Kw1/2|6190.00|205.00|375.00|30.00|30.00|95.00|75.00|145.00|0.00|0.00|0.00|0.00|0.00|0.00|0.00|
R33w1|616.00|12.00|4.00|0.00|0.00|0.00|4.00|0.00|0.00|0.00|0.00|0.00|0.00|0.00|0.00|
R33w1/2|6265.00|20.00|45.00|5.00|10.00|10.00|0.00|20.00|0.00|0.00|0.00|0.00|0.00|0.00|0.00|
R33w10|78.00|9.00|1.00|0.00|1.00|0.00|0.00|0.00|0.00|0.00|0.00|0.00|0.00|0.00|0.00|
R33w25|179.00|28.00|19.00|0.00|9.00|0.00|0.00|10.00|0.00|0.00|0.00|0.00|0.00|0.00|0.00|
R390Kw1/2|7500.00|40.00|10.00|0.00|5.00|0.00|0.00|5.00|0.00|0.00|0.00|0.00|0.00|0.00|0.00|
R390w1/2|7715.00|167.00|130.00|0.00|40.00|35.00|5.00|50.00|0.00|0.00|0.00|0.00|0.00|0.00|0.00|
R39Kw1/2|5025.00|0.00|90.00|0.00|0.00|40.00|25.00|20.00|5.00|0.00|0.00|0.00|0.00|0.00|0.00|
R39w1|767.00|0.00|1.00|0.00|0.00|0.00|0.00|1.00|0.00|0.00|0.00|0.00|0.00|0.00|0.00|
R39w1/2|2780.00|280.00|40.00|0.00|15.00|15.00|0.00|10.00|0.00|0.00|0.00|0.00|0.00|0.00|0.00|
R4.7Kw1/2|18305.00|650.00|514.00|30.00|30.00|183.00|100.00|171.00|0.00|0.00|0.00|0.00|0.00|0.00|0.00|
R4.7Mw1/2|4185.00|55.00|35.00|10.00|10.00|0.00|10.00|5.00|0.00|0.00|0.00|0.00|0.00|0.00|0.00|
R4.7w1|1.00|4.00|5.00|5.00|0.00|0.00|0.00|0.00|0.00|0.00|0.00|0.00|0.00|0.00|0.00|
R4.7w1/2|7660.00|65.00|60.00|0.00|10.00|35.00|5.00|10.00|0.00|0.00|0.00|0.00|0.00|0.00|0.00|
R470Kw1/2|5250.00|300.00|275.00|20.00|30.00|55.00|50.00|120.00|0.00|0.00|0.00|0.00|0.00|0.00|0.00|
R470w1|450.00|72.00|49.00|1.00|43.00|5.00|0.00|0.00|0.00|0.00|0.00|0.00|0.00|0.00|0.00|
R470w1/2|11565.00|825.00|1645.00|70.00|248.00|817.00|70.00|440.00|0.00|0.00|0.00|0.00|0.00|0.00|0.00|
R470w10|18.00|0.00|4.00|0.00|0.00|0.00|4.00|0.00|0.00|0.00|0.00|0.00|0.00|0.00|0.00|
R47Kw1/2|6075.00|185.00|255.00|5.00|25.00|40.00|30.00|155.00|0.00|0.00|0.00|0.00|0.00|0.00|0.00|
R47w1|506.00|95.00|2.00|1.00|0.00|0.00|1.00|0.00|0.00|0.00|0.00|0.00|0.00|0.00|0.00|
R47w1/2|4835.00|65.00|235.00|10.00|20.00|85.00|45.00|75.00|0.00|0.00|0.00|0.00|0.00|0.00|0.00|
R47w10|34.00|7.00|2.00|0.00|1.00|0.00|0.00|1.00|0.00|0.00|0.00|0.00|0.00|0.00|0.00|
R47w25|174.00|21.00|20.00|0.00|11.00|0.00|0.00|9.00|0.00|0.00|0.00|0.00|0.00|0.00|0.00|
R5.6Kw1/2|4730.00|70.00|375.00|5.00|60.00|70.00|30.00|210.00|0.00|0.00|0.00|0.00|0.00|0.00|0.00|
R5.6Mw1/2|4130.00|25.00|25.00|0.00|5.00|5.00|10.00|5.00|0.00|0.00|0.00|0.00|0.00|0.00|0.00|
R5.6w1/2|2935.00|290.00|30.00|0.00|5.00|15.00|0.00|10.00|0.00|0.00|0.00|0.00|0.00|0.00|0.00|
R560Kw1/2|3245.00|40.00|55.00|0.00|5.00|25.00|15.00|10.00|0.00|0.00|0.00|0.00|0.00|0.00|0.00|
R560w1|504.00|164.00|45.00|1.00|37.00|4.00|0.00|3.00|0.00|0.00|0.00|0.00|0.00|0.00|0.00|
R560w1/2|7954.00|160.00|658.00|20.00|213.00|160.00|140.00|125.00|0.00|0.00|0.00|0.00|0.00|0.00|0.00|
R560w5|57.00|12.00|1.00|0.00|0.00|0.00|1.00|0.00|0.00|0.00|0.00|0.00|0.00|0.00|0.00|
R56Kw1/2|5985.00|150.00|165.00|15.00|10.00|35.00|20.00|85.00|0.00|0.00|0.00|0.00|0.00|0.00|0.00|
R56w1|604.00|15.00|1.00|0.00|0.00|0.00|0.00|1.00|0.00|0.00|0.00|0.00|0.00|0.00|0.00|
R56w1/2|5429.00|350.00|65.00|0.00|10.00|25.00|5.00|25.00|0.00|0.00|0.00|0.00|0.00|0.00|0.00|
R6.8Kw1/2|4765.00|155.00|440.00|20.00|35.00|125.00|145.00|115.00|0.00|0.00|0.00|0.00|0.00|0.00|0.00|
R6.8Mw1/2|3320.00|0.00|20.00|0.00|5.00|0.00|10.00|5.00|0.00|0.00|0.00|0.00|0.00|0.00|0.00|
R6.8w1/2|5675.00|80.00|15.00|5.00|5.00|0.00|0.00|5.00|0.00|0.00|0.00|0.00|0.00|0.00|0.00|
R680Kw1/2|1840.00|810.00|35.00|10.00|20.00|0.00|0.00|5.00|0.00|0.00|0.00|0.00|0.00|0.00|0.00|
R680w1/2|10280.00|95.00|315.00|5.00|40.00|40.00|105.00|125.00|0.00|0.00|0.00|0.00|0.00|0.00|0.00|
R68Kw1/2|3290.00|175.00|45.00|0.00|5.00|25.00|5.00|10.00|0.00|0.00|0.00|0.00|0.00|0.00|0.00|
R68w1|597.00|2.00|2.00|0.00|0.00|0.00|0.00|2.00|0.00|0.00|0.00|0.00|0.00|0.00|0.00|
R68w1/2|2685.00|30.00|265.00|0.00|15.00|185.00|15.00|50.00|0.00|0.00|0.00|0.00|0.00|0.00|0.00|
R8.2Kw1|23.00|5.00|1.00|1.00|0.00|0.00|0.00|0.00|0.00|0.00|0.00|0.00|0.00|0.00|0.00|
R8.2Kw1/2|3360.00|35.00|71.00|10.00|15.00|21.00|15.00|10.00|0.00|0.00|0.00|0.00|0.00|0.00|0.00|
R8.2Mw1/2|9235.00|20.00|60.00|0.00|5.00|5.00|0.00|50.00|0.00|0.00|0.00|0.00|0.00|0.00|0.00|
R8.2w1/2|5395.00|73.00|15.00|0.00|5.00|0.00|0.00|10.00|0.00|0.00|0.00|0.00|0.00|0.00|0.00|
R820w1|537.00|175.00|40.00|0.00|37.00|3.00|0.00|0.00|0.00|0.00|0.00|0.00|0.00|0.00|0.00|
R820w1/2|8239.00|85.00|113.00|0.00|38.00|50.00|5.00|20.00|0.00|0.00|0.00|0.00|0.00|0.00|0.00|
R82Kw1/2|5630.00|185.00|55.00|0.00|10.00|10.00|5.00|30.00|0.00|0.00|0.00|0.00|0.00|0.00|0.00|
R82w1/2|2370.00|845.00|20.00|0.00|5.00|0.00|0.00|15.00|0.00|0.00|0.00|0.00|0.00|0.00|0.00|
R82w10|4.00|4.00|2.00|0.00|0.00|0.00|2.00|0.00|0.00|0.00|0.00|0.00|0.00|0.00|0.00|
RASBERRYPI3|0.00|0.00|1.00|0.00|0.00|0.00|1.00|0.00|0.00|0.00|0.00|0.00|0.00|0.00|0.00|
REEDSWITCH|1862.00|9.00|8.00|0.00|0.00|1.00|0.00|7.00|0.00|0.00|0.00|0.00|0.00|0.00|0.00|
REEL12V|3.00|16.00|76.00|9.00|2.00|12.00|19.00|32.00|2.00|0.00|0.00|0.00|0.00|0.00|0.00|
REEL5V|16.00|46.00|117.00|6.00|15.00|27.00|19.00|49.00|1.00|0.00|0.00|0.00|0.00|0.00|0.00|
REEL6V|45.00|30.00|15.00|1.00|2.00|0.00|0.00|6.00|6.00|0.00|0.00|0.00|0.00|0.00|0.00|
REEL9V|0.00|0.00|1.00|1.00|0.00|0.00|0.00|0.00|0.00|0.00|0.00|0.00|0.00|0.00|0.00|
REELAUTOM-12V|7.00|55.00|39.00|26.00|6.00|1.00|0.00|6.00|0.00|0.00|0.00|0.00|0.00|0.00|0.00|
RONDANA|613.00|0.00|21.00|0.00|0.00|0.00|3.00|12.00|6.00|0.00|0.00|0.00|0.00|0.00|0.00|
RP-5.1K|0.00|14.00|3.00|0.00|1.00|2.00|0.00|0.00|0.00|0.00|0.00|0.00|0.00|0.00|0.00|
RUEDALOCA|19.00|0.00|3.00|0.00|1.00|0.00|2.00|0.00|0.00|0.00|0.00|0.00|0.00|0.00|0.00|
RUEDALOCAGDE|20.00|2.00|13.00|0.00|0.00|3.00|5.00|5.00|0.00|0.00|0.00|0.00|0.00|0.00|0.00|
SENSOR-DECOLOR|26.00|3.00|1.00|0.00|0.00|0.00|0.00|1.00|0.00|0.00|0.00|0.00|0.00|0.00|0.00|
SENSOR-DEFUERZA|12.00|0.00|5.00|4.00|1.00|0.00|0.00|0.00|0.00|0.00|0.00|0.00|0.00|0.00|0.00|
SENSOR-DELLUVIA|0.00|2.00|1.00|0.00|0.00|0.00|1.00|0.00|0.00|0.00|0.00|0.00|0.00|0.00|0.00|
SENSOR-DELUZ|54.00|1.00|1.00|0.00|0.00|0.00|1.00|0.00|0.00|0.00|0.00|0.00|0.00|0.00|0.00|
SENSOR-FLUJODEAGUA|0.00|0.00|1.00|0.00|0.00|0.00|0.00|1.00|0.00|0.00|0.00|0.00|0.00|0.00|0.00|
SENSOR-HUMEDAD|55.00|3.00|5.00|0.00|0.00|0.00|0.00|5.00|0.00|0.00|0.00|0.00|0.00|0.00|0.00|
SENSOR-HUMEDADHS1101|0.00|2.00|1.00|0.00|0.00|0.00|1.00|0.00|0.00|0.00|0.00|0.00|0.00|0.00|0.00|
SENSOR-HUMEDADYTEMP|39.00|10.00|3.00|0.00|1.00|0.00|1.00|1.00|0.00|0.00|0.00|0.00|0.00|0.00|0.00|
SENSOR-INFRARROJO|94.00|0.00|4.00|0.00|0.00|0.00|1.00|3.00|0.00|0.00|0.00|0.00|0.00|0.00|0.00|
SENSOR-MAGNETICO|0.00|0.00|8.00|0.00|7.00|1.00|0.00|0.00|0.00|0.00|0.00|0.00|0.00|0.00|0.00|
SENSOR-PIR|49.00|9.00|12.00|1.00|7.00|0.00|1.00|3.00|0.00|0.00|0.00|0.00|0.00|0.00|0.00|
SENSOR-PROXIMIDAD|5.00|3.00|2.00|0.00|0.00|0.00|0.00|2.00|0.00|0.00|0.00|0.00|0.00|0.00|0.00|
SENSOR-SONIDO|52.00|0.00|3.00|0.00|0.00|0.00|2.00|1.00|0.00|0.00|0.00|0.00|0.00|0.00|0.00|
SENSOR-ULTRASONICO|95.00|9.00|30.00|4.00|4.00|5.00|6.00|11.00|0.00|0.00|0.00|0.00|0.00|0.00|0.00|
SERVOMG-945|40.00|2.00|14.00|0.00|0.00|1.00|0.00|11.00|2.00|0.00|0.00|0.00|0.00|0.00|0.00|
SINTRA3MM20X30|0.00|0.00|12.00|0.00|3.00|3.00|2.00|4.00|0.00|0.00|0.00|0.00|0.00|0.00|0.00|
SOCKETROSCA|155.00|4.00|16.00|1.00|7.00|5.00|1.00|2.00|0.00|0.00|0.00|0.00|0.00|0.00|0.00|
SOLDADURA|303.50|64.00|125.00|18.00|22.00|17.00|29.00|36.00|3.00|0.00|0.00|0.00|0.00|0.00|0.00|
SOQUETBAYONETA|20.00|9.00|46.00|2.00|20.00|13.00|4.00|7.00|0.00|0.00|0.00|0.00|0.00|0.00|0.00|
SOQUETBLANCO|85.00|12.00|37.00|2.00|6.00|10.00|11.00|8.00|0.00|0.00|0.00|0.00|0.00|0.00|0.00|
SOQUETFOCO7.5W|184.00|27.00|38.00|0.00|3.00|24.00|4.00|6.00|1.00|0.00|0.00|0.00|0.00|0.00|0.00|
SOQUETPLASTICO|0.00|0.00|1.00|0.00|0.00|0.00|0.00|1.00|0.00|0.00|0.00|0.00|0.00|0.00|0.00|
SUJETADOR-10|108.00|26.00|114.00|0.00|0.00|10.00|0.00|100.00|4.00|0.00|0.00|0.00|0.00|0.00|0.00|
SUJETADOR-15|212.00|0.00|35.00|0.00|0.00|35.00|0.00|0.00|0.00|0.00|0.00|0.00|0.00|0.00|0.00|
SUJETADOR-20|87.00|13.00|106.00|0.00|6.00|44.00|25.00|27.00|4.00|0.00|0.00|0.00|0.00|0.00|0.00|
TCRT5000|36.00|0.00|1.00|0.00|1.00|0.00|0.00|0.00|0.00|0.00|0.00|0.00|0.00|0.00|0.00|
TDA2003|20.00|3.00|1.00|0.00|1.00|0.00|0.00|0.00|0.00|0.00|0.00|0.00|0.00|0.00|0.00|
TDA2822/8P|2.00|1.00|1.00|0.00|0.00|0.00|0.00|1.00|0.00|0.00|0.00|0.00|0.00|0.00|0.00|
TEA2025|0.00|2.00|1.00|0.00|0.00|0.00|1.00|0.00|0.00|0.00|0.00|0.00|0.00|0.00|0.00|
TECLADOMEM|87.00|9.00|9.00|0.00|1.00|1.00|1.00|5.00|1.00|0.00|0.00|0.00|0.00|0.00|0.00|
TERMINAL|9187.00|0.00|35.00|0.00|0.00|0.00|0.00|35.00|0.00|0.00|0.00|0.00|0.00|0.00|0.00|
TERMISTOR100K|548.00|5.00|24.00|0.00|0.00|0.00|6.00|18.00|0.00|0.00|0.00|0.00|0.00|0.00|0.00|
TERMISTOR10K|423.00|77.00|52.00|0.00|1.00|15.00|12.00|23.00|1.00|0.00|0.00|0.00|0.00|0.00|0.00|
TERMISTOR5K|0.00|1.00|3.00|0.00|0.00|1.00|1.00|1.00|0.00|0.00|0.00|0.00|0.00|0.00|0.00|
TERMOPAR-K|0.00|2.00|1.00|0.00|0.00|1.00|0.00|0.00|0.00|0.00|0.00|0.00|0.00|0.00|0.00|
THERMOFIT1/4|171.00|0.00|26.00|0.00|4.00|5.50|3.50|13.00|0.00|0.00|0.00|0.00|0.00|0.00|0.00|
THERMOFIT1/8|155.50|0.00|28.00|2.00|7.00|5.00|6.00|7.00|1.00|0.00|0.00|0.00|0.00|0.00|0.00|
THERMOFIT3/32|45.50|0.00|20.00|7.00|2.00|3.00|2.00|6.00|0.00|0.00|0.00|0.00|0.00|0.00|0.00|
TIC106|27.00|40.00|41.00|0.00|2.00|10.00|1.00|28.00|0.00|0.00|0.00|0.00|0.00|0.00|0.00|
TIC126|68.00|6.00|10.00|0.00|0.00|8.00|2.00|0.00|0.00|0.00|0.00|0.00|0.00|0.00|0.00|
TIC253|0.00|0.00|3.00|0.00|0.00|0.00|0.00|3.00|0.00|0.00|0.00|0.00|0.00|0.00|0.00|
TIP120|0.00|46.00|27.00|0.00|17.00|4.00|1.00|5.00|0.00|0.00|0.00|0.00|0.00|0.00|0.00|
TIP122|40.00|15.00|14.00|0.00|0.00|0.00|4.00|10.00|0.00|0.00|0.00|0.00|0.00|0.00|0.00|
TIP125|3.00|32.00|10.00|0.00|7.00|2.00|1.00|0.00|0.00|0.00|0.00|0.00|0.00|0.00|0.00|
TIP141|9.00|1.00|1.00|0.00|0.00|0.00|0.00|1.00|0.00|0.00|0.00|0.00|0.00|0.00|0.00|
TIP2955|46.00|0.00|1.00|0.00|0.00|1.00|0.00|0.00|0.00|0.00|0.00|0.00|0.00|0.00|0.00|
TIP3055|29.00|0.00|1.00|0.00|0.00|1.00|0.00|0.00|0.00|0.00|0.00|0.00|0.00|0.00|0.00|
TIP31|471.00|45.00|118.00|0.00|12.00|42.00|35.00|28.00|1.00|0.00|0.00|0.00|0.00|0.00|0.00|
TIP32|183.00|51.00|56.00|0.00|19.00|24.00|0.00|13.00|0.00|0.00|0.00|0.00|0.00|0.00|0.00|
TIP35C|30.00|5.00|2.00|0.00|0.00|0.00|0.00|2.00|0.00|0.00|0.00|0.00|0.00|0.00|0.00|
TIP41|316.00|39.00|450.00|13.00|89.00|266.00|39.00|39.00|4.00|0.00|0.00|0.00|0.00|0.00|0.00|
TIP42|236.00|51.00|176.00|0.00|49.00|113.00|8.00|6.00|0.00|0.00|0.00|0.00|0.00|0.00|0.00|
TIRALEDR|7.80|5.00|0.50|0.00|0.00|0.00|0.00|0.50|0.00|0.00|0.00|0.00|0.00|0.00|0.00|
TL072|67.00|7.00|6.00|0.00|0.00|0.00|1.00|5.00|0.00|0.00|0.00|0.00|0.00|0.00|0.00|
TL082|178.00|3.00|3.00|0.00|0.00|0.00|3.00|0.00|0.00|0.00|0.00|0.00|0.00|0.00|0.00|
TL084|570.00|11.00|2.00|0.00|0.00|0.00|0.00|2.00|0.00|0.00|0.00|0.00|0.00|0.00|0.00|
TORNILLO 1"|376.00|24.00|4.00|0.00|0.00|0.00|0.00|4.00|0.00|0.00|0.00|0.00|0.00|0.00|0.00|
TORNILLO 1-1/4"|219.00|20.00|4.00|0.00|0.00|0.00|0.00|2.00|2.00|0.00|0.00|0.00|0.00|0.00|0.00|
TORNILLO1-1/2"|410.00|32.00|7.00|0.00|0.00|0.00|0.00|7.00|0.00|0.00|0.00|0.00|0.00|0.00|0.00|
TORNILLO1/2|661.00|0.00|15.00|0.00|0.00|0.00|0.00|15.00|0.00|0.00|0.00|0.00|0.00|0.00|0.00|
TORNILLO3/4|789.00|0.00|16.00|0.00|0.00|0.00|5.00|11.00|0.00|0.00|0.00|0.00|0.00|0.00|0.00|
TRA12V1A|24.00|8.00|24.00|0.00|10.00|1.00|7.00|6.00|0.00|0.00|0.00|0.00|0.00|0.00|0.00|
TRA12V3A|6.00|1.00|1.00|0.00|0.00|0.00|1.00|0.00|0.00|0.00|0.00|0.00|0.00|0.00|0.00|
TRA12V500mA|18.00|0.00|11.00|0.00|1.00|1.00|4.00|5.00|0.00|0.00|0.00|0.00|0.00|0.00|0.00|
TRA12V5A|0.00|0.00|1.00|0.00|1.00|0.00|0.00|0.00|0.00|0.00|0.00|0.00|0.00|0.00|0.00|
TRA15V1A|8.00|0.00|2.00|0.00|0.00|0.00|2.00|0.00|0.00|0.00|0.00|0.00|0.00|0.00|0.00|
TRA15V2A|11.00|0.00|5.00|4.00|1.00|0.00|0.00|0.00|0.00|0.00|0.00|0.00|0.00|0.00|0.00|
TRA18V2A|19.00|0.00|2.00|0.00|0.00|1.00|0.00|1.00|0.00|0.00|0.00|0.00|0.00|0.00|0.00|
TRA24V1A|12.00|2.00|51.00|1.00|23.00|2.00|6.00|18.00|1.00|0.00|0.00|0.00|0.00|0.00|0.00|
TRA24V2A|52.00|4.00|2.00|0.00|0.00|1.00|0.00|1.00|0.00|0.00|0.00|0.00|0.00|0.00|0.00|
TRA24V3A|20.00|1.00|2.00|0.00|0.00|0.00|1.00|1.00|0.00|0.00|0.00|0.00|0.00|0.00|0.00|
TRA24V500mA|12.00|1.00|2.00|0.00|0.00|0.00|1.00|0.00|1.00|0.00|0.00|0.00|0.00|0.00|0.00|
TRA24V5A|15.00|2.00|1.00|0.00|0.00|0.00|1.00|0.00|0.00|0.00|0.00|0.00|0.00|0.00|0.00|
TRA36V1A|1.00|0.00|3.00|0.00|0.00|3.00|0.00|0.00|0.00|0.00|0.00|0.00|0.00|0.00|0.00|
TRA6V300mA|0.00|0.00|7.00|0.00|0.00|4.00|3.00|0.00|0.00|0.00|0.00|0.00|0.00|0.00|0.00|
TRIM100K|5.00|5.00|8.00|0.00|0.00|0.00|0.00|8.00|0.00|0.00|0.00|0.00|0.00|0.00|0.00|
TRIM10K|28.00|13.00|18.00|0.00|3.00|2.00|2.00|5.00|6.00|0.00|0.00|0.00|0.00|0.00|0.00|
TRIM1K|81.00|23.00|6.00|0.00|0.00|0.00|0.00|6.00|0.00|0.00|0.00|0.00|0.00|0.00|0.00|
TRIM1M|195.00|4.00|4.00|0.00|1.00|1.00|1.00|1.00|0.00|0.00|0.00|0.00|0.00|0.00|0.00|
TRIM20K|212.00|4.00|5.00|0.00|3.00|0.00|0.00|2.00|0.00|0.00|0.00|0.00|0.00|0.00|0.00|
TRIM500K|104.00|17.00|2.00|0.00|0.00|0.00|0.00|2.00|0.00|0.00|0.00|0.00|0.00|0.00|0.00|
TRIM50K|154.00|0.00|5.00|0.00|1.00|0.00|0.00|4.00|0.00|0.00|0.00|0.00|0.00|0.00|0.00|
TRIM5K|12.00|14.00|4.00|0.00|0.00|0.00|2.00|2.00|0.00|0.00|0.00|0.00|0.00|0.00|0.00|
TSOLDADURA|64.00|4.00|65.00|5.00|15.00|14.00|7.00|23.00|1.00|0.00|0.00|0.00|0.00|0.00|0.00|
TUERCAMETAL1/8|971.00|0.00|26.00|0.00|0.00|0.00|0.00|24.00|2.00|0.00|0.00|0.00|0.00|0.00|0.00|
ULN2003|120.00|3.00|7.00|0.00|1.00|1.00|4.00|1.00|0.00|0.00|0.00|0.00|0.00|0.00|0.00|
USBHEMBRA-A|74.00|6.00|15.00|0.00|2.00|7.00|4.00|2.00|0.00|0.00|0.00|0.00|0.00|0.00|0.00|
USBHEMBRA-B|192.00|14.00|1.00|0.00|0.00|0.00|1.00|0.00|0.00|0.00|0.00|0.00|0.00|0.00|0.00|
VARISTOR80J|0.00|0.00|1.00|0.00|1.00|0.00|0.00|0.00|0.00|0.00|0.00|0.00|0.00|0.00|0.00|
VENTILADOR12V|(null)|3.00|4.00|0.00|3.00|0.00|0.00|1.00|0.00|0.00|0.00|0.00|0.00|0.00|0.00|
VENTILADOR5V|478.00|6.00|4.00|0.00|0.00|0.00|1.00|1.00|2.00|0.00|0.00|0.00|0.00|0.00|0.00|
VOLTIMETRODIGITAL|141.00|28.00|74.00|0.00|28.00|20.00|7.00|19.00|0.00|0.00|0.00|0.00|0.00|0.00|0.00|
ZAPATA-AZUL3/16|813.00|62.00|25.00|0.00|1.00|18.00|0.00|6.00|0.00|0.00|0.00|0.00|0.00|0.00|0.00|
ZAPATAHEMBRA|20.00|18.00|52.00|5.00|17.00|21.00|8.00|1.00|0.00|0.00|0.00|0.00|0.00|0.00|0.00|
